#Parameters Start: 0.069074 0.1252 0.000768847 0.128551 
#Parameters Lower: 0 0.075 0 0 
#Parameters Upper: 0.075 0.15 0.3 0.3 
#Parameters: 0.0717597 0.127662 1.40028e-05 0.136468 
#Solar power: 720
#Irradiance crystal: 941.597
#Irradiation efficiency: 1.30777
#Absorbed power: 155.456
#Absorbed power (var): 13.4928
#Absorption efficiency (total): 0.215911
#Absorption efficiency (irradiated): 0.165098
#asldMirrorZcoordinate 10.0000000
#asldLensZcoordinate -1585.0000000
-224.0000000 150.0000000
-223.7372571 149.9328851
-223.4742217 149.8655689
-223.2108950 149.7980516
-222.9472781 149.7303333
-222.6833722 149.6624141
-222.4191783 149.5942942
-222.1546975 149.5259737
-221.8899310 149.4574528
-221.6248798 149.3887315
-221.3595451 149.3198100
-221.0939281 149.2506885
-220.8280297 149.1813670
-220.5618511 149.1118457
-220.2953935 149.0421247
-220.0286579 148.9722042
-219.7616454 148.9020842
-219.4943573 148.8317650
-219.2267945 148.7612467
-218.9589581 148.6905293
-218.6908494 148.6196130
-218.4224694 148.5484980
-218.1538192 148.4771843
-217.8849000 148.4056722
-217.6157128 148.3339617
-217.3462588 148.2620530
-217.0765390 148.1899461
-216.8065546 148.1176413
-216.5363068 148.0451387
-216.2657965 147.9724384
-215.9950250 147.8995404
-215.7239933 147.8264451
-215.4527025 147.7531524
-215.1811538 147.6796626
-214.9093483 147.6059757
-214.6372870 147.5320919
-214.3649712 147.4580113
-214.0924018 147.3837341
-213.8195801 147.3092603
-213.5465071 147.2345901
-213.2731840 147.1597237
-212.9996118 147.0846612
-212.7257917 147.0094027
-212.4517247 146.9339483
-212.1774121 146.8582981
-211.9028548 146.7824524
-211.6280541 146.7064112
-211.3530110 146.6301747
-211.0777267 146.5537429
-210.8022022 146.4771161
-210.5264386 146.4002943
-210.2504372 146.3232777
-209.9741989 146.2460665
-209.6977249 146.1686607
-209.4210164 146.0910604
-209.1440744 146.0132659
-208.8669000 145.9352773
-208.5894943 145.8570946
-208.3118586 145.7787180
-208.0339938 145.7001476
-207.7559011 145.6213837
-207.4775816 145.5424262
-207.1990364 145.4632753
-206.9202666 145.3839313
-206.6412734 145.3043941
-206.3620578 145.2246639
-206.0826209 145.1447409
-205.8029640 145.0646252
-205.5230880 144.9843169
-205.2429941 144.9038162
-204.9626835 144.8231232
-204.6821571 144.7422379
-204.4014162 144.6611607
-204.1204619 144.5798915
-203.8392952 144.4984305
-203.5579172 144.4167778
-203.2763292 144.3349336
-202.9945321 144.2528981
-202.7125272 144.1706712
-202.4303154 144.0882533
-202.1478980 144.0056443
-201.8652761 143.9228445
-201.5824507 143.8398539
-201.2994229 143.7566727
-201.0161940 143.6733011
-200.7327649 143.5897391
-200.4491368 143.5059868
-200.1653109 143.4220446
-199.8812882 143.3379123
-199.5970698 143.2535903
-199.3126569 143.1690785
-199.0280505 143.0843772
-198.7432518 142.9994865
-198.4582619 142.9144065
-198.1730820 142.8291373
-197.8877130 142.7436791
-197.6021561 142.6580320
-197.3164125 142.5721961
-197.0304832 142.4861716
-196.7443694 142.3999586
-196.4580722 142.3135572
-196.1715927 142.2269676
-195.8849319 142.1401898
-195.5980911 142.0532241
-195.3110713 141.9660706
-195.0238736 141.8787293
-194.7364992 141.7912005
-194.4489491 141.7034841
-194.1612245 141.6155805
-193.8733265 141.5274897
-193.5852562 141.4392118
-193.2970147 141.3507470
-193.0086031 141.2620954
-192.7200225 141.1732572
-192.4312741 141.0842324
-192.1423590 140.9950212
-191.8532782 140.9056237
-191.5640329 140.8160401
-191.2746242 140.7262705
-190.9850532 140.6363151
-190.6953210 140.5461738
-190.4054287 140.4558470
-190.1153775 140.3653347
-189.8251684 140.2746370
-189.5348027 140.1837542
-189.2442812 140.0926862
-188.9536053 140.0014333
-188.6627760 139.9099955
-188.3717944 139.8183731
-188.0806616 139.7265661
-187.7893788 139.6345747
-187.4979470 139.5423989
-187.2063673 139.4500391
-186.9146410 139.3574951
-186.6227690 139.2647673
-186.3307526 139.1718557
-186.0385927 139.0787605
-185.7462906 138.9854817
-185.4538473 138.8920196
-185.1612640 138.7983742
-184.8685417 138.7045458
-184.5756816 138.6105343
-184.2826848 138.5163400
-183.9895523 138.4219629
-183.6962854 138.3274033
-183.4028851 138.2326612
-183.1093526 138.1377368
-182.8156889 138.0426302
-182.5218951 137.9473415
-182.2279725 137.8518709
-181.9339220 137.7562185
-181.6397448 137.6603845
-181.3454420 137.5643689
-181.0510147 137.4681718
-180.7564640 137.3717936
-180.4617911 137.2752341
-180.1669971 137.1784937
-179.8720830 137.0815724
-179.5770500 136.9844703
-179.2818992 136.8871876
-178.9866317 136.7897244
-178.6912486 136.6920809
-178.3957511 136.5942572
-178.1001402 136.4962533
-177.8044170 136.3980695
-177.5085827 136.2997059
-177.2126384 136.2011626
-176.9165852 136.1024397
-176.6204241 136.0035374
-176.3241564 135.9044557
-176.0277831 135.8051949
-175.7313054 135.7057551
-175.4347243 135.6061363
-175.1380409 135.5063388
-174.8412565 135.4063626
-174.5443720 135.3062080
-174.2473886 135.2058749
-173.9503075 135.1053636
-173.6531296 135.0046741
-173.3558562 134.9038067
-173.0584884 134.8027614
-172.7610272 134.7015384
-172.4634738 134.6001378
-172.1658292 134.4985598
-171.8680947 134.3968044
-171.5702713 134.2948718
-171.2723600 134.1927621
-170.9743622 134.0904755
-170.6762787 133.9880121
-170.3781108 133.8853720
-170.0798596 133.7825554
-169.7815262 133.6795623
-169.4831117 133.5763930
-169.1846172 133.4730476
-168.8860438 133.3695261
-168.5873926 133.2658287
-168.2886647 133.1619556
-167.9898614 133.0579069
-167.6909836 132.9536826
-167.3920324 132.8492830
-167.0930091 132.7447082
-166.7939146 132.6399583
-166.4947502 132.5350334
-166.1955169 132.4299337
-165.8962159 132.3246593
-165.5968482 132.2192103
-165.2974149 132.1135869
-164.9979173 132.0077891
-164.6983563 131.9018172
-164.3987331 131.7956713
-164.0990489 131.6893514
-163.7993046 131.5828577
-163.4995015 131.4761904
-163.1996407 131.3693496
-162.8997232 131.2623354
-162.5997502 131.1551479
-162.2997227 131.0477873
-161.9996420 130.9402537
-161.6995091 130.8325473
-161.3993251 130.7246681
-161.0990911 130.6166163
-160.7988083 130.5083921
-160.4984778 130.3999955
-160.1981006 130.2914267
-159.8976779 130.1826858
-159.5972108 130.0737730
-159.2967004 129.9646884
-158.9961478 129.8554321
-158.6955542 129.7460043
-158.3949206 129.6364050
-158.0942481 129.5266345
-157.7935379 129.4166928
-157.4927911 129.3065801
-157.1920088 129.1962965
-156.8911921 129.0858421
-156.5903422 128.9752171
-156.2894600 128.8644216
-155.9885468 128.7534557
-155.6876036 128.6423196
-155.3866317 128.5310134
-155.0856319 128.4195373
-154.7846056 128.3078913
-154.4835538 128.1960756
-154.1824776 128.0840903
-153.8813781 127.9719355
-153.5802565 127.8596115
-153.2791138 127.7471183
-152.9779512 127.6344560
-152.6767697 127.5216248
-152.3755706 127.4086248
-152.0743548 127.2954562
-151.7731235 127.1821190
-151.4718779 127.0686134
-151.1706190 126.9549396
-150.8693480 126.8410977
-150.5680659 126.7270877
-150.2667739 126.6129099
-149.9654731 126.4985643
-149.6641646 126.3840512
-149.3628494 126.2693706
-149.0615288 126.1545226
-148.7602039 126.0395074
-148.4588757 125.9243251
-148.1575453 125.8089759
-147.8562139 125.6934599
-147.5548826 125.5777772
-147.2535525 125.4619279
-146.9522247 125.3459122
-146.6509003 125.2297303
-146.3495805 125.1133821
-146.0482662 124.9968680
-145.7469588 124.8801879
-145.4456592 124.7633421
-145.1443686 124.6463306
-144.8430881 124.5291537
-144.5418188 124.4118113
-144.2405618 124.2943038
-143.9393182 124.1766311
-143.6380892 124.0587934
-143.3368758 123.9407910
-143.0356792 123.8226237
-142.7345004 123.7042920
-142.4333407 123.5857957
-142.1322011 123.4671352
-141.8310826 123.3483104
-141.5299865 123.2293216
-141.2289139 123.1101689
-140.9278657 122.9908524
-140.6268433 122.8713722
-140.3258476 122.7517285
-140.0248798 122.6319214
-139.7239410 122.5119510
-139.4230323 122.3918175
-139.1221549 122.2715210
-138.8213098 122.1510616
-138.5204981 122.0304395
-138.2197210 121.9096547
-137.9189795 121.7887075
-137.6182749 121.6675979
-137.3176081 121.5463261
-137.0169803 121.4248923
-136.7163927 121.3032965
-136.4158463 121.1815388
-136.1153422 121.0596195
-135.8148816 120.9375386
-135.5144656 120.8152963
-135.2140952 120.6928927
-134.9137717 120.5703279
-134.6134960 120.4476021
-134.3132694 120.3247154
-134.0130929 120.2016679
-133.7129676 120.0784598
-133.4128947 119.9550912
-133.1128753 119.8315622
-132.8129104 119.7078729
-132.5130012 119.5840236
-132.2131489 119.4600142
-131.9133544 119.3358451
-131.6136190 119.2115161
-131.3139437 119.0870277
-131.0143296 118.9623797
-130.7147780 118.8375724
-130.4152898 118.7126060
-130.1158662 118.5874804
-129.8165083 118.4621960
-129.5172172 118.3367527
-129.2179940 118.2111508
-128.9188399 118.0853904
-128.6197559 117.9594715
-128.3207431 117.8333944
-128.0218028 117.7071591
-127.7229359 117.5807658
-127.4241437 117.4542147
-127.1254271 117.3275058
-126.8267874 117.2006392
-126.5282256 117.0736152
-126.2297428 116.9464339
-125.9313402 116.8190953
-125.6330189 116.6915996
-125.3347799 116.5639470
-125.0366245 116.4361375
-124.7385536 116.3081714
-124.4405685 116.1800487
-124.1426702 116.0517695
-123.8448599 115.9233341
-123.5471386 115.7947425
-123.2495075 115.6659948
-122.9519676 115.5370913
-122.6545202 115.4080319
-122.3571662 115.2788169
-122.0599069 115.1494465
-121.7627433 115.0199206
-121.4656765 114.8902395
-121.1687077 114.7604032
-120.8718380 114.6304120
-120.5750684 114.5002659
-120.2784002 114.3699651
-119.9818343 114.2395097
-119.6853719 114.1088999
-119.3890142 113.9781357
-119.0927622 113.8472173
-118.7966171 113.7161448
-118.5005799 113.5849185
-118.2046518 113.4535383
-117.9088339 113.3220044
-117.6131272 113.1903170
-117.3175330 113.0584762
-117.0220524 112.9264821
-116.7266863 112.7943349
-116.4314360 112.6620346
-116.1363026 112.5295815
-115.8412871 112.3969756
-115.5463907 112.2642171
-115.2516145 112.1313061
-114.9569597 111.9982427
-114.6624272 111.8650272
-114.3680183 111.7316595
-114.0737340 111.5981399
-113.7795755 111.4644684
-113.4855438 111.3306452
-113.1916402 111.1966705
-112.8978656 111.0625443
-112.6042212 110.9282668
-112.3107082 110.7938382
-112.0173275 110.6592585
-111.7240805 110.5245278
-111.4309680 110.3896464
-111.1379914 110.2546144
-110.8451516 110.1194318
-110.5524498 109.9840989
-110.2598872 109.8486157
-109.9674647 109.7129824
-109.6751835 109.5771991
-109.3830449 109.4412659
-109.0910497 109.3051830
-108.7991992 109.1689505
-108.5074945 109.0325685
-108.2159367 108.8960372
-107.9245269 108.7593567
-107.6332662 108.6225271
-107.3421557 108.4855486
-107.0511966 108.3484213
-106.7603899 108.2111453
-106.4697368 108.0737207
-106.1792383 107.9361478
-105.8888956 107.7984265
-105.5987099 107.6605571
-105.3086821 107.5225397
-105.0188135 107.3843744
-104.7291051 107.2460613
-104.4395580 107.1076006
-104.1501734 106.9689924
-103.8609524 106.8302369
-103.5718961 106.6913341
-103.2830055 106.5522842
-102.9942819 106.4130874
-102.7057263 106.2737437
-102.4173398 106.1342533
-102.1291235 105.9946163
-101.8410786 105.8548329
-101.5532062 105.7149032
-101.2655074 105.5748273
-100.9779832 105.4346053
-100.6906349 105.2942375
-100.4034635 105.1537238
-100.1164701 105.0130645
-99.8296558 104.8722597
-99.5430219 104.7313094
-99.2565692 104.5902140
-98.9702991 104.4489734
-98.6842125 104.3075877
-98.3983107 104.1660573
-98.1125946 104.0243821
-97.8270655 103.8825623
-97.5417244 103.7405980
-97.2565725 103.5984893
-96.9716108 103.4562365
-96.6868405 103.3138396
-96.4022627 103.1712988
-96.1178785 103.0286141
-95.8336890 102.8857857
-95.5496954 102.7428138
-95.2658987 102.5996985
-94.9823000 102.4564399
-94.6989005 102.3130381
-94.4157012 102.1694934
-94.1327033 102.0258057
-93.8499080 101.8819752
-93.5673162 101.7380021
-93.2849292 101.5938866
-93.0027480 101.4496286
-92.7207737 101.3052284
-92.4390075 101.1606861
-92.1574505 101.0160019
-91.8761038 100.8711758
-91.5949684 100.7262079
-91.3140456 100.5810985
-91.0333364 100.4358477
-90.7528419 100.2904555
-90.4725632 100.1449222
-90.1925015 99.9992478
-89.9126579 99.8534325
-89.6330335 99.7074763
-89.3536293 99.5613796
-89.0744466 99.4151423
-88.7954863 99.2687646
-88.5167497 99.1222466
-88.2382379 98.9755885
-87.9599518 98.8287904
-87.6818928 98.6818524
-87.4040618 98.5347747
-87.1264601 98.3875574
-86.8490886 98.2402006
-86.5719485 98.0927045
-86.2950410 97.9450691
-86.0183671 97.7972947
-85.7419279 97.6493813
-85.4657246 97.5013291
-85.1897583 97.3531382
-84.9140301 97.2048087
-84.6385411 97.0563408
-84.3632923 96.9077347
-84.0882850 96.7589903
-83.8135203 96.6101080
-83.5389992 96.4610877
-83.2647228 96.3119297
-82.9906923 96.1626340
-82.7169088 96.0132008
-82.4433734 95.8636303
-82.1700872 95.7139225
-81.8970514 95.5640776
-81.6242669 95.4140957
-81.3517350 95.2639770
-81.0794568 95.1137215
-80.8074333 94.9633295
-80.5356658 94.8128010
-80.2641552 94.6621362
-79.9929027 94.5113352
-79.7219094 94.3603982
-79.4511765 94.2093252
-79.1807050 94.0581164
-78.9104960 93.9067719
-78.6405507 93.7552920
-78.3708702 93.6036766
-78.1014556 93.4519259
-77.8323080 93.3000401
-77.5634285 93.1480193
-77.2948183 92.9958637
-77.0264784 92.8435733
-76.7584099 92.6911482
-76.4906140 92.5385887
-76.2230918 92.3858948
-75.9558443 92.2330668
-75.6888728 92.0801046
-75.4221782 91.9270085
-75.1557618 91.7737785
-74.8896247 91.6204149
-74.6237679 91.4669177
-74.3581925 91.3132870
-74.0928997 91.1595231
-73.8278906 91.0056260
-73.5631663 90.8515958
-73.2987279 90.6974328
-73.0345766 90.5431370
-72.7707133 90.3887085
-72.5071393 90.2341475
-72.2438557 90.0794542
-71.9808635 89.9246286
-71.7181640 89.7696709
-71.4557581 89.6145812
-71.1936470 89.4593596
-70.9318319 89.3040064
-70.6703137 89.1485215
-70.4090938 88.9929052
-70.1481730 88.8371575
-69.8875527 88.6812787
-69.6272338 88.5252688
-69.3672175 88.3691279
-69.1075050 88.2128563
-68.8480972 88.0564540
-68.5889954 87.8999211
-68.3302006 87.7432578
-68.0717139 87.5864643
-67.8135366 87.4295406
-67.5556696 87.2724869
-67.2981141 87.1153033
-67.0408712 86.9579900
-66.7839420 86.8005471
-66.5273276 86.6429746
-66.2710292 86.4852729
-66.0150478 86.3274418
-65.7593846 86.1694817
-65.5040407 86.0113927
-65.2490171 85.8531748
-64.9943151 85.6948282
-64.7399357 85.5363530
-64.4858799 85.3777494
-64.2321491 85.2190175
-63.9787441 85.0601574
-63.7256663 84.9011693
-63.4729166 84.7420533
-63.2204962 84.5828095
-62.9684062 84.4234380
-62.7166476 84.2639391
-62.4652218 84.1043127
-62.2141296 83.9445591
-61.9633723 83.7846784
-61.7129510 83.6246706
-61.4628667 83.4645361
-61.2131206 83.3042748
-60.9637138 83.1438869
-60.7146474 82.9833725
-60.4659225 82.8227318
-60.2175403 82.6619649
-59.9695018 82.5010719
-59.7218081 82.3400530
-59.4744604 82.1789083
-59.2274598 82.0176379
-58.9808074 81.8562420
-58.7345043 81.6947207
-58.4885516 81.5330740
-58.2429504 81.3713023
-57.9977019 81.2094055
-57.7528071 81.0473838
-57.5082672 80.8852373
-57.2640833 80.7229663
-57.0202565 80.5605707
-56.7767878 80.3980508
-56.5336785 80.2354067
-56.2909296 80.0726384
-56.0485422 79.9097462
-55.8065175 79.7467302
-55.5648566 79.5835904
-55.3235605 79.4203271
-55.0826304 79.2569403
-54.8420674 79.0934303
-54.6018726 78.9297970
-54.3620471 78.7660407
-54.1225921 78.6021615
-53.8835086 78.4381595
-53.6447978 78.2740349
-53.4064608 78.1097877
-53.1684986 77.9454181
-52.9309124 77.7809263
-52.6937034 77.6163124
-52.4568725 77.4515764
-52.2204210 77.2867186
-51.9843499 77.1217391
-51.7486604 76.9566380
-51.5133536 76.7914154
-51.2784305 76.6260714
-51.0438924 76.4606063
-50.8097402 76.2950200
-50.5759752 76.1293129
-50.3425983 75.9634849
-50.1096109 75.7975362
-49.8770139 75.6314670
-49.6448084 75.4652774
-49.4129956 75.2989675
-49.1815766 75.1325374
-48.9505526 74.9659873
-48.7199245 74.7993173
-48.4896935 74.6325276
-48.2598608 74.4656182
-48.0304275 74.2985893
-47.8013946 74.1314411
-47.5727633 73.9641736
-47.3445347 73.7967870
-47.1167098 73.6292815
-46.8892899 73.4616571
-46.6622760 73.2939140
-46.4356693 73.1260523
-46.2094708 72.9580721
-45.9836817 72.7899737
-45.7583030 72.6217571
-45.5333359 72.4534224
-45.3087815 72.2849698
-45.0846409 72.1163994
-44.8609153 71.9477114
-44.6376057 71.7789058
-44.4147132 71.6099828
-44.1922390 71.4409426
-43.9701841 71.2717852
-43.7485498 71.1025109
-43.5273370 70.9331196
-43.3065469 70.7636117
-43.0861807 70.5939871
-42.8662394 70.4242461
-42.6467241 70.2543887
-42.4276360 70.0844151
-42.2089761 69.9143254
-41.9907457 69.7441197
-41.7729457 69.5737983
-41.5555773 69.4033611
-41.3386417 69.2328084
-41.1221398 69.0621403
-40.9060730 68.8913569
-40.6904421 68.7204584
-40.4752485 68.5494448
-40.2604931 68.3783163
-40.0461771 68.2070730
-39.8323016 68.0357151
-39.6188677 67.8642427
-39.4058765 67.6926559
-39.1933292 67.5209549
-38.9812268 67.3491398
-38.7695705 67.1772107
-38.5583614 67.0051678
-38.3476005 66.8330111
-38.1372891 66.6607409
-37.9274281 66.4883572
-37.7180188 66.3158601
-37.5090623 66.1432499
-37.3005595 65.9705267
-37.0925118 65.7976905
-36.8849201 65.6247415
-36.6777855 65.4516799
-36.4711093 65.2785057
-36.2648925 65.1052191
-36.0591362 64.9318203
-35.8538416 64.7583093
-35.6490096 64.5846863
-35.4446416 64.4109514
-35.2407385 64.2371048
-35.0373015 64.0631466
-34.8343317 63.8890769
-34.6318302 63.7148959
-34.4297981 63.5406036
-34.2282365 63.3662003
-34.0271466 63.1916860
-33.8265294 63.0170608
-33.6263862 62.8423250
-33.4267178 62.6674787
-33.2275256 62.4925218
-33.0288106 62.3174547
-32.8305739 62.1422775
-32.6328166 61.9669902
-32.4355399 61.7915930
-32.2387448 61.6160860
-32.0424325 61.4404694
-31.8466040 61.2647432
-31.6512605 61.0889077
-31.4564032 60.9129630
-31.2620330 60.7369091
-31.0681512 60.5607463
-30.8747588 60.3844746
-30.6818570 60.2080942
-30.4894468 60.0316052
-30.2975294 59.8550077
-30.1061059 59.6783019
-29.9151774 59.5014879
-29.7247450 59.3245659
-29.5348098 59.1475359
-29.3453730 58.9703981
-29.1564355 58.7931527
-28.9679987 58.6157997
-28.7800635 58.4383393
-28.5926311 58.2607717
-28.4057026 58.0830969
-28.2192792 57.9053151
-28.0333618 57.7274264
-27.8479516 57.5494309
-27.6630499 57.3713289
-27.4786575 57.1931203
-27.2947757 57.0148054
-27.1114057 56.8363843
-26.9285484 56.6578571
-26.7462050 56.4792239
-26.5643766 56.3004849
-26.3830643 56.1216402
-26.2022693 55.9426900
-26.0219927 55.7636343
-25.8422355 55.5844733
-25.6629989 55.4052071
-25.4842840 55.2258359
-25.3060919 55.0463598
-25.1284237 54.8667789
-24.9512805 54.6870933
-24.7746634 54.5073033
-24.5985737 54.3274088
-24.4230122 54.1474102
-24.2479803 53.9673074
-24.0734789 53.7871006
-23.8995093 53.6067899
-23.7260724 53.4263755
-23.5531695 53.2458576
-23.3808016 53.0652361
-23.2089699 52.8845114
-23.0376754 52.7036834
-22.8669193 52.5227524
-22.6967026 52.3417184
-22.5270266 52.1605816
-22.3578923 51.9793422
-22.1893008 51.7980002
-22.0212532 51.6165558
-21.8537507 51.4350091
-21.6867944 51.2533603
-21.5203853 51.0716095
-21.3545246 50.8897567
-21.1892133 50.7078023
-21.0244527 50.5257461
-20.8602438 50.3435886
-20.6965878 50.1613296
-20.5334857 49.9789694
-20.3709386 49.7965081
-20.2089477 49.6139459
-20.0475141 49.4312828
-19.8866389 49.2485190
-19.7263232 49.0656547
-19.5665680 48.8826899
-19.4073747 48.6996248
-19.2487441 48.5164595
-19.0906776 48.3331942
-18.9331760 48.1498290
-18.7762407 47.9663640
-18.6198726 47.7827993
-18.4640730 47.5991351
-18.3088428 47.4153716
-18.1541833 47.2315087
-18.0000956 47.0475468
-17.8465806 46.8634858
-17.6936397 46.6793260
-17.5412738 46.4950675
-17.3894841 46.3107104
-17.2382717 46.1262548
-17.0876377 45.9417008
-16.9375832 45.7570487
-16.7881094 45.5722985
-16.6392173 45.3874503
-16.4909080 45.2025043
-16.3431828 45.0174607
-16.1960426 44.8323195
-16.0494886 44.6470809
-15.9035219 44.4617450
-15.7581437 44.2763119
-15.6133550 44.0907818
-15.4691569 43.9051549
-15.3255506 43.7194312
-15.1825371 43.5336108
-15.0401177 43.3476940
-14.8982933 43.1616808
-14.7570651 42.9755713
-14.6164343 42.7893658
-14.4764018 42.6030643
-14.3369689 42.4166669
-14.1981367 42.2301738
-14.0599063 42.0435852
-13.9222787 41.8569011
-13.7852551 41.6701217
-13.6488366 41.4832471
-13.5130243 41.2962775
-13.3778194 41.1092130
-13.2432228 40.9220536
-13.1092359 40.7347996
-12.9758596 40.5474511
-12.8430951 40.3600082
-12.7109434 40.1724711
-12.5794058 39.9848398
-12.4484833 39.7971145
-12.3181770 39.6092953
-12.1884880 39.4213824
-12.0594175 39.2333759
-11.9309666 39.0452759
-11.8031363 38.8570826
-11.6759278 38.6687961
-11.5493422 38.4804165
-11.4233806 38.2919439
-11.2980442 38.1033785
-11.1733339 37.9147205
-11.0492511 37.7259699
-10.9257966 37.5371268
-10.8029718 37.3481915
-10.6807776 37.1591641
-10.5592152 36.9700445
-10.4382858 36.7808331
-10.3179903 36.5915300
-10.1983300 36.4021352
-10.0793059 36.2126489
-9.9609192 36.0230712
-9.8431709 35.8334023
-9.7260623 35.6436423
-9.6095943 35.4537913
-9.4937681 35.2638495
-9.3785848 35.0738169
-9.2640456 34.8836938
-9.1501515 34.6934802
-9.0369037 34.5031763
-8.9243032 34.3127822
-8.8123512 34.1222981
-8.7010488 33.9317240
-8.5903971 33.7410602
-8.4803972 33.5503067
-8.3710503 33.3594636
-8.2623573 33.1685312
-8.1543195 32.9775095
-8.0469380 32.7863986
-7.9402139 32.5951988
-7.8341482 32.4039100
-7.7287422 32.2125326
-7.6239968 32.0210665
-7.5199133 31.8295120
-7.4164927 31.6378691
-7.3137362 31.4461379
-7.2116448 31.2543187
-7.1102197 31.0624116
-7.0094620 30.8704166
-6.9093728 30.6783340
-6.8099532 30.4861637
-6.7112043 30.2939061
-6.6131272 30.1015611
-6.5157231 29.9091290
-6.4189930 29.7166099
-6.3229381 29.5240039
-6.2275595 29.3313111
-6.1328583 29.1385316
-6.0388356 28.9456656
-5.9454925 28.7527133
-5.8528302 28.5596747
-5.7608496 28.3665501
-5.6695521 28.1733394
-5.5789386 27.9800429
-5.4890103 27.7866606
-5.3997682 27.5931928
-5.3112136 27.3996396
-5.2233475 27.2060010
-5.1361710 27.0122772
-5.0496853 26.8184683
-4.9638914 26.6245745
-4.8787905 26.4305959
-4.7943836 26.2365327
-4.7106719 26.0423849
-4.6276566 25.8481527
-4.5453386 25.6538363
-4.4637192 25.4594357
-4.3827994 25.2649511
-4.3025804 25.0703826
-4.2230632 24.8757304
-4.1442490 24.6809945
-4.0661389 24.4861752
-3.9887340 24.2912725
-3.9120354 24.0962866
-3.8360442 23.9012176
-3.7607615 23.7060657
-3.6861885 23.5108309
-3.6123263 23.3155134
-3.5391759 23.1201134
-3.4667385 22.9246309
-3.3950152 22.7290661
-3.3240071 22.5334192
-3.2537153 22.3376902
-3.1841410 22.1418794
-3.1152852 21.9459867
-3.0471491 21.7500124
-2.9797337 21.5539566
-2.9130402 21.3578194
-2.8470697 21.1616010
-2.7818233 20.9653014
-2.7173022 20.7689209
-2.6535073 20.5724595
-2.5904399 20.3759173
-2.5281011 20.1792946
-2.4664919 19.9825914
-2.4056135 19.7858079
-2.3454669 19.5889442
-2.2860534 19.3920005
-2.2273740 19.1949768
-2.1694299 18.9978733
-2.1122220 18.8006901
-2.0557516 18.6034274
-2.0000198 18.4060852
-1.9450277 18.2086638
-1.8907763 18.0111633
-1.8372668 17.8135837
-1.7845004 17.6159253
-1.7324781 17.4181881
-1.6812010 17.2203723
-1.6306702 17.0224780
-1.5808870 16.8245053
-1.5318523 16.6264544
-1.4835672 16.4283254
-1.4360330 16.2301185
-1.3892507 16.0318337
-1.3432214 15.8334712
-1.2979462 15.6350311
-1.2534263 15.4365137
-1.2096628 15.2379189
-1.1666567 15.0392469
-1.1244092 14.8404979
-1.0829213 14.6416720
-1.0421943 14.4427693
-1.0022293 14.2437899
-0.9630272 14.0447340
-0.9245893 13.8456018
-0.8869166 13.6463933
-0.8500103 13.4471086
-0.8138715 13.2477480
-0.7785013 13.0483115
-0.7439008 12.8487993
-0.7100711 12.6492115
-0.6770133 12.4495482
-0.6447286 12.2498096
-0.6132180 12.0499958
-0.5824827 11.8501069
-0.5525237 11.6501431
-0.5233423 11.4501045
-0.4949394 11.2499912
-0.4673163 11.0498033
-0.4404740 10.8495410
-0.4144136 10.6492045
-0.3891363 10.4487938
-0.3646431 10.2483091
-0.3409353 10.0477504
-0.3180138 9.8471181
-0.2958798 9.6464121
-0.2745344 9.4456326
-0.2539787 9.2447797
-0.2342139 9.0438537
-0.2152410 8.8428545
-0.1970611 8.6417823
-0.1796755 8.4406373
-0.1630851 8.2394196
-0.1472911 8.0381294
-0.1322947 7.8367667
-0.1180968 7.6353316
-0.1046987 7.4338244
-0.0921014 7.2322452
-0.0803061 7.0305940
-0.0693139 6.8288711
-0.0591258 6.6270765
-0.0497430 6.4252103
-0.0411667 6.2232728
-0.0333978 6.0212640
-0.0264376 5.8191841
-0.0202871 5.6170332
-0.0149475 5.4148114
-0.0104199 5.2125189
-0.0067053 5.0101558
-0.0038049 4.8077222
-0.0017198 4.6052183
-0.0004511 4.4026442
-0.0000000 4.2000000
