#Parameters Start: 0.05 0.05 0.05 0.05 -2 0 1 2 -0 
#Parameters Lower: 0.0042 0.0042 0.0042 0.0042 -2 -2 -2 -2 -0.3 
#Parameters Upper: 1 1 1 1 2 2 2 2 2 
#Parameters: 0.05 0.05 0.05 0.05 -2 0 1 2 -0 
#Solar power: 720
#Irradiance crystal: 0.205086
#Irradiation efficiency: 0.000284842
#Absorbed power: 0.0476448
#Absorbed power (var): 7.71957e-06
#Absorption efficiency (total): 6.61734e-05
#Absorption efficiency (irradiated): 0.232316
#asldMirrorZcoordinate 122.0000000
#asldLensZcoordinate -1585.0000000
-2000.0000000 50.0000000
-1996.9999990 50.0000000
-1993.9999920 50.0000000
-1990.9999730 50.0000000
-1987.9999360 50.0000000
-1984.9998750 50.0000000
-1981.9997840 50.0000000
-1978.9996570 50.0000000
-1975.9994880 50.0000000
-1972.9992710 50.0000000
-1969.9990000 50.0000000
-1966.9986690 50.0000000
-1963.9982720 50.0000000
-1960.9978030 50.0000000
-1957.9972560 50.0000000
-1954.9966250 50.0000000
-1951.9959040 50.0000000
-1948.9950870 50.0000000
-1945.9941680 50.0000000
-1942.9931410 50.0000000
-1939.9920000 50.0000000
-1936.9907390 50.0000000
-1933.9893520 50.0000000
-1930.9878330 50.0000000
-1927.9861760 50.0000000
-1924.9843750 50.0000000
-1921.9824240 50.0000000
-1918.9803170 50.0000000
-1915.9780480 50.0000000
-1912.9756110 50.0000000
-1909.9730000 50.0000000
-1906.9702090 50.0000000
-1903.9672320 50.0000000
-1900.9640630 50.0000000
-1897.9606960 50.0000000
-1894.9571250 50.0000000
-1891.9533440 50.0000000
-1888.9493470 50.0000000
-1885.9451280 50.0000000
-1882.9406810 50.0000000
-1879.9360000 50.0000000
-1876.9310790 50.0000000
-1873.9259120 50.0000000
-1870.9204930 50.0000000
-1867.9148160 50.0000000
-1864.9088750 50.0000000
-1861.9026640 50.0000000
-1858.8961770 50.0000000
-1855.8894080 50.0000000
-1852.8823510 50.0000000
-1849.8750000 50.0000000
-1846.8673490 50.0000000
-1843.8593920 50.0000000
-1840.8511230 50.0000000
-1837.8425360 50.0000000
-1834.8336250 50.0000000
-1831.8243840 50.0000000
-1828.8148070 50.0000000
-1825.8048880 50.0000000
-1822.7946210 50.0000000
-1819.7840000 50.0000000
-1816.7730190 50.0000000
-1813.7616720 50.0000000
-1810.7499530 50.0000000
-1807.7378560 50.0000000
-1804.7253750 50.0000000
-1801.7125040 50.0000000
-1798.6992370 50.0000000
-1795.6855680 50.0000000
-1792.6714910 50.0000000
-1789.6570000 50.0000000
-1786.6420890 50.0000000
-1783.6267520 50.0000000
-1780.6109830 50.0000000
-1777.5947760 50.0000000
-1774.5781250 50.0000000
-1771.5610240 50.0000000
-1768.5434670 50.0000000
-1765.5254480 50.0000000
-1762.5069610 50.0000000
-1759.4880000 50.0000000
-1756.4685590 50.0000000
-1753.4486320 50.0000000
-1750.4282130 50.0000000
-1747.4072960 50.0000000
-1744.3858750 50.0000000
-1741.3639440 50.0000000
-1738.3414970 50.0000000
-1735.3185280 50.0000000
-1732.2950310 50.0000000
-1729.2710000 50.0000000
-1726.2464290 50.0000000
-1723.2213120 50.0000000
-1720.1956430 50.0000000
-1717.1694160 50.0000000
-1714.1426250 50.0000000
-1711.1152640 50.0000000
-1708.0873270 50.0000000
-1705.0588080 50.0000000
-1702.0297010 50.0000000
-1699.0000000 50.0000000
-1695.9696990 50.0000000
-1692.9387920 50.0000000
-1689.9072730 50.0000000
-1686.8751360 50.0000000
-1683.8423750 50.0000000
-1680.8089840 50.0000000
-1677.7749570 50.0000000
-1674.7402880 50.0000000
-1671.7049710 50.0000000
-1668.6690000 50.0000000
-1665.6323690 50.0000000
-1662.5950720 50.0000000
-1659.5571030 50.0000000
-1656.5184560 50.0000000
-1653.4791250 50.0000000
-1650.4391040 50.0000000
-1647.3983870 50.0000000
-1644.3569680 50.0000000
-1641.3148410 50.0000000
-1638.2720000 50.0000000
-1635.2284390 50.0000000
-1632.1841520 50.0000000
-1629.1391330 50.0000000
-1626.0933760 50.0000000
-1623.0468750 50.0000000
-1619.9996240 50.0000000
-1616.9516170 50.0000000
-1613.9028480 50.0000000
-1610.8533110 50.0000000
-1607.8030000 50.0000000
-1604.7519090 50.0000000
-1601.7000320 50.0000000
-1598.6473630 50.0000000
-1595.5938960 50.0000000
-1592.5396250 50.0000000
-1589.4845440 50.0000000
-1586.4286470 50.0000000
-1583.3719280 50.0000000
-1580.3143810 50.0000000
-1577.2560000 50.0000000
-1574.1967790 50.0000000
-1571.1367120 50.0000000
-1568.0757930 50.0000000
-1565.0140160 50.0000000
-1561.9513750 50.0000000
-1558.8878640 50.0000000
-1555.8234770 50.0000000
-1552.7582080 50.0000000
-1549.6920510 50.0000000
-1546.6250000 50.0000000
-1543.5570490 50.0000000
-1540.4881920 50.0000000
-1537.4184230 50.0000000
-1534.3477360 50.0000000
-1531.2761250 50.0000000
-1528.2035840 50.0000000
-1525.1301070 50.0000000
-1522.0556880 50.0000000
-1518.9803210 50.0000000
-1515.9040000 50.0000000
-1512.8267190 50.0000000
-1509.7484720 50.0000000
-1506.6692530 50.0000000
-1503.5890560 50.0000000
-1500.5078750 50.0000000
-1497.4257040 50.0000000
-1494.3425370 50.0000000
-1491.2583680 50.0000000
-1488.1731910 50.0000000
-1485.0870000 50.0000000
-1481.9997890 50.0000000
-1478.9115520 50.0000000
-1475.8222830 50.0000000
-1472.7319760 50.0000000
-1469.6406250 50.0000000
-1466.5482240 50.0000000
-1463.4547670 50.0000000
-1460.3602480 50.0000000
-1457.2646610 50.0000000
-1454.1680000 50.0000000
-1451.0702590 50.0000000
-1447.9714320 50.0000000
-1444.8715130 50.0000000
-1441.7704960 50.0000000
-1438.6683750 50.0000000
-1435.5651440 50.0000000
-1432.4607970 50.0000000
-1429.3553280 50.0000000
-1426.2487310 50.0000000
-1423.1410000 50.0000000
-1420.0321290 50.0000000
-1416.9221120 50.0000000
-1413.8109430 50.0000000
-1410.6986160 50.0000000
-1407.5851250 50.0000000
-1404.4704640 50.0000000
-1401.3546270 50.0000000
-1398.2376080 50.0000000
-1395.1194010 50.0000000
-1392.0000000 50.0000000
-1388.8793990 50.0000000
-1385.7575920 50.0000000
-1382.6345730 50.0000000
-1379.5103360 50.0000000
-1376.3848750 50.0000000
-1373.2581840 50.0000000
-1370.1302570 50.0000000
-1367.0010880 50.0000000
-1363.8706710 50.0000000
-1360.7390000 50.0000000
-1357.6060690 50.0000000
-1354.4718720 50.0000000
-1351.3364030 50.0000000
-1348.1996560 50.0000000
-1345.0616250 50.0000000
-1341.9223040 50.0000000
-1338.7816870 50.0000000
-1335.6397680 50.0000000
-1332.4965410 50.0000000
-1329.3520000 50.0000000
-1326.2061390 50.0000000
-1323.0589520 50.0000000
-1319.9104330 50.0000000
-1316.7605760 50.0000000
-1313.6093750 50.0000000
-1310.4568240 50.0000000
-1307.3029170 50.0000000
-1304.1476480 50.0000000
-1300.9910110 50.0000000
-1297.8330000 50.0000000
-1294.6736090 50.0000000
-1291.5128320 50.0000000
-1288.3506630 50.0000000
-1285.1870960 50.0000000
-1282.0221250 50.0000000
-1278.8557440 50.0000000
-1275.6879470 50.0000000
-1272.5187280 50.0000000
-1269.3480810 50.0000000
-1266.1760000 50.0000000
-1263.0024790 50.0000000
-1259.8275120 50.0000000
-1256.6510930 50.0000000
-1253.4732160 50.0000000
-1250.2938750 50.0000000
-1247.1130640 50.0000000
-1243.9307770 50.0000000
-1240.7470080 50.0000000
-1237.5617510 50.0000000
-1234.3750000 50.0000000
-1231.1867490 50.0000000
-1227.9969920 50.0000000
-1224.8057230 50.0000000
-1221.6129360 50.0000000
-1218.4186250 50.0000000
-1215.2227840 50.0000000
-1212.0254070 50.0000000
-1208.8264880 50.0000000
-1205.6260210 50.0000000
-1202.4240000 50.0000000
-1199.2204190 50.0000000
-1196.0152720 50.0000000
-1192.8085530 50.0000000
-1189.6002560 50.0000000
-1186.3903750 50.0000000
-1183.1789040 50.0000000
-1179.9658370 50.0000000
-1176.7511680 50.0000000
-1173.5348910 50.0000000
-1170.3170000 50.0000000
-1167.0974890 50.0000000
-1163.8763520 50.0000000
-1160.6535830 50.0000000
-1157.4291760 50.0000000
-1154.2031250 50.0000000
-1150.9754240 50.0000000
-1147.7460670 50.0000000
-1144.5150480 50.0000000
-1141.2823610 50.0000000
-1138.0480000 50.0000000
-1134.8119590 50.0000000
-1131.5742320 50.0000000
-1128.3348130 50.0000000
-1125.0936960 50.0000000
-1121.8508750 50.0000000
-1118.6063440 50.0000000
-1115.3600970 50.0000000
-1112.1121280 50.0000000
-1108.8624310 50.0000000
-1105.6110000 50.0000000
-1102.3578290 50.0000000
-1099.1029120 50.0000000
-1095.8462430 50.0000000
-1092.5878160 50.0000000
-1089.3276250 50.0000000
-1086.0656640 50.0000000
-1082.8019270 50.0000000
-1079.5364080 50.0000000
-1076.2691010 50.0000000
-1073.0000000 50.0000000
-1069.7290990 50.0000000
-1066.4563920 50.0000000
-1063.1818730 50.0000000
-1059.9055360 50.0000000
-1056.6273750 50.0000000
-1053.3473840 50.0000000
-1050.0655570 50.0000000
-1046.7818880 50.0000000
-1043.4963710 50.0000000
-1040.2090000 50.0000000
-1036.9197690 50.0000000
-1033.6286720 50.0000000
-1030.3357030 50.0000000
-1027.0408560 50.0000000
-1023.7441250 50.0000000
-1020.4455040 50.0000000
-1017.1449870 50.0000000
-1013.8425680 50.0000000
-1010.5382410 50.0000000
-1007.2320000 50.0000000
-1003.9238390 50.0000000
-1000.6137520 50.0000000
-997.3017330 50.0000000
-993.9877760 50.0000000
-990.6718750 50.0000000
-987.3540240 50.0000000
-984.0342170 50.0000000
-980.7124480 50.0000000
-977.3887110 50.0000000
-974.0630000 50.0000000
-970.7353090 50.0000000
-967.4056320 50.0000000
-964.0739630 50.0000000
-960.7402960 50.0000000
-957.4046250 50.0000000
-954.0669440 50.0000000
-950.7272470 50.0000000
-947.3855280 50.0000000
-944.0417810 50.0000000
-940.6960000 50.0000000
-937.3481790 50.0000000
-933.9983120 50.0000000
-930.6463930 50.0000000
-927.2924160 50.0000000
-923.9363750 50.0000000
-920.5782640 50.0000000
-917.2180770 50.0000000
-913.8558080 50.0000000
-910.4914510 50.0000000
-907.1250000 50.0000000
-903.7564490 50.0000000
-900.3857920 50.0000000
-897.0130230 50.0000000
-893.6381360 50.0000000
-890.2611250 50.0000000
-886.8819840 50.0000000
-883.5007070 50.0000000
-880.1172880 50.0000000
-876.7317210 50.0000000
-873.3440000 50.0000000
-869.9541190 50.0000000
-866.5620720 50.0000000
-863.1678530 50.0000000
-859.7714560 50.0000000
-856.3728750 50.0000000
-852.9721040 50.0000000
-849.5691370 50.0000000
-846.1639680 50.0000000
-842.7565910 50.0000000
-839.3470000 50.0000000
-835.9351890 50.0000000
-832.5211520 50.0000000
-829.1048830 50.0000000
-825.6863760 50.0000000
-822.2656250 50.0000000
-818.8426240 50.0000000
-815.4173670 50.0000000
-811.9898480 50.0000000
-808.5600610 50.0000000
-805.1280000 50.0000000
-801.6936590 50.0000000
-798.2570320 50.0000000
-794.8181130 50.0000000
-791.3768960 50.0000000
-787.9333750 50.0000000
-784.4875440 50.0000000
-781.0393970 50.0000000
-777.5889280 50.0000000
-774.1361310 50.0000000
-770.6810000 50.0000000
-767.2235290 50.0000000
-763.7637120 50.0000000
-760.3015430 50.0000000
-756.8370160 50.0000000
-753.3701250 50.0000000
-749.9008640 50.0000000
-746.4292270 50.0000000
-742.9552080 50.0000000
-739.4788010 50.0000000
-736.0000000 50.0000000
-732.5187990 50.0000000
-729.0351920 50.0000000
-725.5491730 50.0000000
-722.0607360 50.0000000
-718.5698750 50.0000000
-715.0765840 50.0000000
-711.5808570 50.0000000
-708.0826880 50.0000000
-704.5820710 50.0000000
-701.0790000 50.0000000
-697.5734690 50.0000000
-694.0654720 50.0000000
-690.5550030 50.0000000
-687.0420560 50.0000000
-683.5266250 50.0000000
-680.0087040 50.0000000
-676.4882870 50.0000000
-672.9653680 50.0000000
-669.4399410 50.0000000
-665.9120000 50.0000000
-662.3815390 50.0000000
-658.8485520 50.0000000
-655.3130330 50.0000000
-651.7749760 50.0000000
-648.2343750 50.0000000
-644.6912240 50.0000000
-641.1455170 50.0000000
-637.5972480 50.0000000
-634.0464110 50.0000000
-630.4930000 50.0000000
-626.9370090 50.0000000
-623.3784320 50.0000000
-619.8172630 50.0000000
-616.2534960 50.0000000
-612.6871250 50.0000000
-609.1181440 50.0000000
-605.5465470 50.0000000
-601.9723280 50.0000000
-598.3954810 50.0000000
-594.8160000 50.0000000
-591.2338790 50.0000000
-587.6491120 50.0000000
-584.0616930 50.0000000
-580.4716160 50.0000000
-576.8788750 50.0000000
-573.2834640 50.0000000
-569.6853770 50.0000000
-566.0846080 50.0000000
-562.4811510 50.0000000
-558.8750000 50.0000000
-555.2661490 50.0000000
-551.6545920 50.0000000
-548.0403230 50.0000000
-544.4233360 50.0000000
-540.8036250 50.0000000
-537.1811840 50.0000000
-533.5560070 50.0000000
-529.9280880 50.0000000
-526.2974210 50.0000000
-522.6640000 50.0000000
-519.0278190 50.0000000
-515.3888720 50.0000000
-511.7471530 50.0000000
-508.1026560 50.0000000
-504.4553750 50.0000000
-500.8053040 50.0000000
-497.1524370 50.0000000
-493.4967680 50.0000000
-489.8382910 50.0000000
-486.1770000 50.0000000
-482.5128890 50.0000000
-478.8459520 50.0000000
-475.1761830 50.0000000
-471.5035760 50.0000000
-467.8281250 50.0000000
-464.1498240 50.0000000
-460.4686670 50.0000000
-456.7846480 50.0000000
-453.0977610 50.0000000
-449.4080000 50.0000000
-445.7153590 50.0000000
-442.0198320 50.0000000
-438.3214130 50.0000000
-434.6200960 50.0000000
-430.9158750 50.0000000
-427.2087440 50.0000000
-423.4986970 50.0000000
-419.7857280 50.0000000
-416.0698310 50.0000000
-412.3510000 50.0000000
-408.6292290 50.0000000
-404.9045120 50.0000000
-401.1768430 50.0000000
-397.4462160 50.0000000
-393.7126250 50.0000000
-389.9760640 50.0000000
-386.2365270 50.0000000
-382.4940080 50.0000000
-378.7485010 50.0000000
-375.0000000 50.0000000
-371.2484990 50.0000000
-367.4939920 50.0000000
-363.7364730 50.0000000
-359.9759360 50.0000000
-356.2123750 50.0000000
-352.4457840 50.0000000
-348.6761570 50.0000000
-344.9034880 50.0000000
-341.1277710 50.0000000
-337.3490000 50.0000000
-333.5671690 50.0000000
-329.7822720 50.0000000
-325.9943030 50.0000000
-322.2032560 50.0000000
-318.4091250 50.0000000
-314.6119040 50.0000000
-310.8115870 50.0000000
-307.0081680 50.0000000
-303.2016410 50.0000000
-299.3920000 50.0000000
-295.5792390 50.0000000
-291.7633520 50.0000000
-287.9443330 50.0000000
-284.1221760 50.0000000
-280.2968750 50.0000000
-276.4684240 50.0000000
-272.6368170 50.0000000
-268.8020480 50.0000000
-264.9641110 50.0000000
-261.1230000 50.0000000
-257.2787090 50.0000000
-253.4312320 50.0000000
-249.5805630 50.0000000
-245.7266960 50.0000000
-241.8696250 50.0000000
-238.0093440 50.0000000
-234.1458470 50.0000000
-230.2791280 50.0000000
-226.4091810 50.0000000
-222.5360000 50.0000000
-218.6595790 50.0000000
-214.7799120 50.0000000
-210.8969930 50.0000000
-207.0108160 50.0000000
-203.1213750 50.0000000
-199.2286640 50.0000000
-195.3326770 50.0000000
-191.4334080 50.0000000
-187.5308510 50.0000000
-183.6250000 50.0000000
-179.7158490 50.0000000
-175.8033920 50.0000000
-171.8876230 50.0000000
-167.9685360 50.0000000
-164.0461250 50.0000000
-160.1203840 50.0000000
-156.1913070 50.0000000
-152.2588880 50.0000000
-148.3231210 50.0000000
-144.3840000 50.0000000
-140.4415190 50.0000000
-136.4956720 50.0000000
-132.5464530 50.0000000
-128.5938560 50.0000000
-124.6378750 50.0000000
-120.6785040 50.0000000
-116.7157370 50.0000000
-112.7495680 50.0000000
-108.7799910 50.0000000
-104.8070000 50.0000000
-100.8305890 50.0000000
-96.8507520 50.0000000
-92.8674830 50.0000000
-88.8807760 50.0000000
-84.8906250 50.0000000
-80.8970240 50.0000000
-76.8999670 50.0000000
-72.8994480 50.0000000
-68.8954610 50.0000000
-64.8880000 50.0000000
-60.8770590 50.0000000
-56.8626320 50.0000000
-52.8447130 50.0000000
-48.8232960 50.0000000
-44.7983750 50.0000000
-40.7699440 50.0000000
-36.7379970 50.0000000
-32.7025280 50.0000000
-28.6635310 50.0000000
-24.6210000 50.0000000
-20.5749290 50.0000000
-16.5253120 50.0000000
-12.4721430 50.0000000
-8.4154160 50.0000000
-4.3551250 50.0000000
-0.2912640 50.0000000
3.7761730 50.0000000
7.8471920 50.0000000
11.9217990 50.0000000
16.0000000 50.0000000
20.0818010 50.0000000
24.1672080 50.0000000
28.2562270 50.0000000
32.3488640 50.0000000
36.4451250 50.0000000
40.5450160 50.0000000
44.6485430 50.0000000
48.7557120 50.0000000
52.8665290 50.0000000
56.9810000 50.0000000
61.0991310 50.0000000
65.2209280 50.0000000
69.3463970 50.0000000
73.4755440 50.0000000
77.6083750 50.0000000
81.7448960 50.0000000
85.8851130 50.0000000
90.0290320 50.0000000
94.1766590 50.0000000
98.3280000 50.0000000
102.4830610 50.0000000
106.6418480 50.0000000
110.8043670 50.0000000
114.9706240 50.0000000
119.1406250 50.0000000
123.3143760 50.0000000
127.4918830 50.0000000
131.6731520 50.0000000
135.8581890 50.0000000
140.0470000 50.0000000
144.2395910 50.0000000
148.4359680 50.0000000
152.6361370 50.0000000
156.8401040 50.0000000
161.0478750 50.0000000
165.2594560 50.0000000
169.4748530 50.0000000
173.6940720 50.0000000
177.9171190 50.0000000
182.1440000 50.0000000
186.3747210 50.0000000
190.6092880 50.0000000
194.8477070 50.0000000
199.0899840 50.0000000
203.3361250 50.0000000
207.5861360 50.0000000
211.8400230 50.0000000
216.0977920 50.0000000
220.3594490 50.0000000
224.6250000 50.0000000
228.8944510 50.0000000
233.1678080 50.0000000
237.4450770 50.0000000
241.7262640 50.0000000
246.0113750 50.0000000
250.3004160 50.0000000
254.5933930 50.0000000
258.8903120 50.0000000
263.1911790 50.0000000
267.4960000 50.0000000
271.8047810 50.0000000
276.1175280 50.0000000
280.4342470 50.0000000
284.7549440 50.0000000
289.0796250 50.0000000
293.4082960 50.0000000
297.7409630 50.0000000
302.0776320 50.0000000
306.4183090 50.0000000
310.7630000 50.0000000
315.1117110 50.0000000
319.4644480 50.0000000
323.8212170 50.0000000
328.1820240 50.0000000
332.5468750 50.0000000
336.9157760 50.0000000
341.2887330 50.0000000
345.6657520 50.0000000
350.0468390 50.0000000
354.4320000 50.0000000
358.8212410 50.0000000
363.2145680 50.0000000
367.6119870 50.0000000
372.0135040 50.0000000
376.4191250 50.0000000
380.8288560 50.0000000
385.2427030 50.0000000
389.6606720 50.0000000
394.0827690 50.0000000
398.5090000 50.0000000
402.9393710 50.0000000
407.3738880 50.0000000
411.8125570 50.0000000
416.2553840 50.0000000
420.7023750 50.0000000
425.1535360 50.0000000
429.6088730 50.0000000
434.0683920 50.0000000
438.5320990 50.0000000
443.0000000 50.0000000
447.4721010 50.0000000
451.9484080 50.0000000
456.4289270 50.0000000
460.9136640 50.0000000
465.4026250 50.0000000
469.8958160 50.0000000
474.3932430 50.0000000
478.8949120 50.0000000
483.4008290 50.0000000
487.9110000 50.0000000
492.4254310 50.0000000
496.9441280 50.0000000
501.4670970 50.0000000
505.9943440 50.0000000
510.5258750 50.0000000
515.0616960 50.0000000
519.6018130 50.0000000
524.1462320 50.0000000
528.6949590 50.0000000
533.2480000 50.0000000
537.8053610 50.0000000
542.3670480 50.0000000
546.9330670 50.0000000
551.5034240 50.0000000
556.0781250 50.0000000
560.6571760 50.0000000
565.2405830 50.0000000
569.8283520 50.0000000
574.4204890 50.0000000
579.0170000 50.0000000
583.6178910 50.0000000
588.2231680 50.0000000
592.8328370 50.0000000
597.4469040 50.0000000
602.0653750 50.0000000
606.6882560 50.0000000
611.3155530 50.0000000
615.9472720 50.0000000
620.5834190 50.0000000
625.2240000 50.0000000
629.8690210 50.0000000
634.5184880 50.0000000
639.1724070 50.0000000
643.8307840 50.0000000
648.4936250 50.0000000
653.1609360 50.0000000
657.8327230 50.0000000
662.5089920 50.0000000
667.1897490 50.0000000
671.8750000 50.0000000
676.5647510 50.0000000
681.2590080 50.0000000
685.9577770 50.0000000
690.6610640 50.0000000
695.3688750 50.0000000
700.0812160 50.0000000
704.7980930 50.0000000
709.5195120 50.0000000
714.2454790 50.0000000
718.9760000 50.0000000
723.7110810 50.0000000
728.4507280 50.0000000
733.1949470 50.0000000
737.9437440 50.0000000
742.6971250 50.0000000
747.4550960 50.0000000
752.2176630 50.0000000
756.9848320 50.0000000
761.7566090 50.0000000
766.5330000 50.0000000
771.3140110 50.0000000
776.0996480 50.0000000
780.8899170 50.0000000
785.6848240 50.0000000
790.4843750 50.0000000
795.2885760 50.0000000
800.0974330 50.0000000
804.9109520 50.0000000
809.7291390 50.0000000
814.5520000 50.0000000
819.3795410 50.0000000
824.2117680 50.0000000
829.0486870 50.0000000
833.8903040 50.0000000
838.7366250 50.0000000
843.5876560 50.0000000
848.4434030 50.0000000
853.3038720 50.0000000
858.1690690 50.0000000
863.0390000 50.0000000
867.9136710 50.0000000
872.7930880 50.0000000
877.6772570 50.0000000
882.5661840 50.0000000
887.4598750 50.0000000
892.3583360 50.0000000
897.2615730 50.0000000
902.1695920 50.0000000
907.0823990 50.0000000
912.0000000 50.0000000
916.9224010 50.0000000
921.8496080 50.0000000
926.7816270 50.0000000
931.7184640 50.0000000
936.6601250 50.0000000
941.6066160 50.0000000
946.5579430 50.0000000
951.5141120 50.0000000
956.4751290 50.0000000
961.4410000 50.0000000
966.4117310 50.0000000
971.3873280 50.0000000
976.3677970 50.0000000
981.3531440 50.0000000
986.3433750 50.0000000
991.3384960 50.0000000
996.3385130 50.0000000
1001.3434320 50.0000000
1006.3532590 50.0000000
1011.3680000 50.0000000
1016.3876610 50.0000000
1021.4122480 50.0000000
1026.4417670 50.0000000
1031.4762240 50.0000000
1036.5156250 50.0000000
1041.5599760 50.0000000
1046.6092830 50.0000000
1051.6635520 50.0000000
1056.7227890 50.0000000
1061.7870000 50.0000000
1066.8561910 50.0000000
1071.9303680 50.0000000
1077.0095370 50.0000000
1082.0937040 50.0000000
1087.1828750 50.0000000
1092.2770560 50.0000000
1097.3762530 50.0000000
1102.4804720 50.0000000
1107.5897190 50.0000000
1112.7040000 50.0000000
1117.8233210 50.0000000
1122.9476880 50.0000000
1128.0771070 50.0000000
1133.2115840 50.0000000
1138.3511250 50.0000000
1143.4957360 50.0000000
1148.6454230 50.0000000
1153.8001920 50.0000000
1158.9600490 50.0000000
1164.1250000 50.0000000
1169.2950510 50.0000000
1174.4702080 50.0000000
1179.6504770 50.0000000
1184.8358640 50.0000000
1190.0263750 50.0000000
1195.2220160 50.0000000
1200.4227930 50.0000000
1205.6287120 50.0000000
1210.8397790 50.0000000
1216.0560000 50.0000000
1221.2773810 50.0000000
1226.5039280 50.0000000
1231.7356470 50.0000000
1236.9725440 50.0000000
1242.2146250 50.0000000
1247.4618960 50.0000000
1252.7143630 50.0000000
1257.9720320 50.0000000
1263.2349090 50.0000000
1268.5030000 50.0000000
1273.7763110 50.0000000
1279.0548480 50.0000000
1284.3386170 50.0000000
1289.6276240 50.0000000
1294.9218750 50.0000000
1300.2213760 50.0000000
1305.5261330 50.0000000
1310.8361520 50.0000000
1316.1514390 50.0000000
1321.4720000 50.0000000
1326.7978410 50.0000000
1332.1289680 50.0000000
1337.4653870 50.0000000
1342.8071040 50.0000000
1348.1541250 50.0000000
1353.5064560 50.0000000
1358.8641030 50.0000000
1364.2270720 50.0000000
1369.5953690 50.0000000
1374.9690000 50.0000000
1380.3479710 50.0000000
1385.7322880 50.0000000
1391.1219570 50.0000000
1396.5169840 50.0000000
1401.9173750 50.0000000
1407.3231360 50.0000000
1412.7342730 50.0000000
1418.1507920 50.0000000
1423.5726990 50.0000000
1429.0000000 50.0000000
1434.4327010 50.0000000
1439.8708080 50.0000000
1445.3143270 50.0000000
1450.7632640 50.0000000
1456.2176250 50.0000000
1461.6774160 50.0000000
1467.1426430 50.0000000
1472.6133120 50.0000000
1478.0894290 50.0000000
1483.5710000 50.0000000
1489.0580310 50.0000000
1494.5505280 50.0000000
1500.0484970 50.0000000
1505.5519440 50.0000000
1511.0608750 50.0000000
1516.5752960 50.0000000
1522.0952130 50.0000000
1527.6206320 50.0000000
1533.1515590 50.0000000
1538.6880000 50.0000000
1544.2299610 50.0000000
1549.7774480 50.0000000
1555.3304670 50.0000000
1560.8890240 50.0000000
1566.4531250 50.0000000
1572.0227760 50.0000000
1577.5979830 50.0000000
1583.1787520 50.0000000
1588.7650890 50.0000000
1594.3570000 50.0000000
1599.9544910 50.0000000
1605.5575680 50.0000000
1611.1662370 50.0000000
1616.7805040 50.0000000
1622.4003750 50.0000000
1628.0258560 50.0000000
1633.6569530 50.0000000
1639.2936720 50.0000000
1644.9360190 50.0000000
1650.5840000 50.0000000
1656.2376210 50.0000000
1661.8968880 50.0000000
1667.5618070 50.0000000
1673.2323840 50.0000000
1678.9086250 50.0000000
1684.5905360 50.0000000
1690.2781230 50.0000000
1695.9713920 50.0000000
1701.6703490 50.0000000
1707.3750000 50.0000000
1713.0853510 50.0000000
1718.8014080 50.0000000
1724.5231770 50.0000000
1730.2506640 50.0000000
1735.9838750 50.0000000
1741.7228160 50.0000000
1747.4674930 50.0000000
1753.2179120 50.0000000
1758.9740790 50.0000000
1764.7360000 50.0000000
1770.5036810 50.0000000
1776.2771280 50.0000000
1782.0563470 50.0000000
1787.8413440 50.0000000
1793.6321250 50.0000000
1799.4286960 50.0000000
1805.2310630 50.0000000
1811.0392320 50.0000000
1816.8532090 50.0000000
1822.6730000 50.0000000
1828.4986110 50.0000000
1834.3300480 50.0000000
1840.1673170 50.0000000
1846.0104240 50.0000000
1851.8593750 50.0000000
1857.7141760 50.0000000
1863.5748330 50.0000000
1869.4413520 50.0000000
1875.3137390 50.0000000
1881.1920000 50.0000000
1887.0761410 50.0000000
1892.9661680 50.0000000
1898.8620870 50.0000000
1904.7639040 50.0000000
1910.6716250 50.0000000
1916.5852560 50.0000000
1922.5048030 50.0000000
1928.4302720 50.0000000
1934.3616690 50.0000000
1940.2990000 50.0000000
1946.2422710 50.0000000
1952.1914880 50.0000000
1958.1466570 50.0000000
1964.1077840 50.0000000
1970.0748750 50.0000000
1976.0479360 50.0000000
1982.0269730 50.0000000
1988.0119920 50.0000000
1994.0029990 50.0000000
2000.0000000 50.0000000
