#Parameters Start: 0.05 0.05 0.05 0.05 -2 0 1 2 -0 
#Parameters Lower: 0.0042 0.0042 0.0042 0.0042 -2 -2 -2 -2 -0.3 
#Parameters Upper: 1 1 1 1 2 2 2 2 2 
#Parameters: 0.00447318 0.071726 0.081082 0.997331 0.029702 0.095375 0.619623 1.20947 -0.2647 
#Solar power: 720
#Irradiance crystal: 1231.96
#Irradiation efficiency: 1.71106
#Absorbed power: 191.13
#Absorbed power (var): 4.08243
#Absorption efficiency (total): 0.265458
#Absorption efficiency (irradiated): 0.155143
#asldMirrorZcoordinate -497.5840000
#asldLensZcoordinate -1320.3000000
-1209.4660000 997.3310000
-1207.6966682 994.5849727
-1205.9277323 991.8443810
-1204.1591947 989.1092191
-1202.3910577 986.3794811
-1200.6233237 983.6551614
-1198.8559951 980.9362540
-1197.0890743 978.2227533
-1195.3225634 975.5146535
-1193.5564651 972.8119487
-1191.7907815 970.1146331
-1190.0255150 967.4227010
-1188.2606681 964.7361466
-1186.4962430 962.0549641
-1184.7322422 959.3791477
-1182.9686679 956.7086916
-1181.2055226 954.0435900
-1179.4428086 951.3838372
-1177.6805282 948.7294273
-1175.9186838 946.0803546
-1174.1572778 943.4366133
-1172.3963126 940.7981975
-1170.6357904 938.1651016
-1168.8757137 935.5373196
-1167.1160847 932.9148458
-1165.3569059 930.2976745
-1163.5981797 927.6857999
-1161.8399083 925.0792160
-1160.0820941 922.4779173
-1158.3247396 919.8818978
-1156.5678470 917.2911518
-1154.8114187 914.7056735
-1153.0554570 912.1254571
-1151.2999644 909.5504968
-1149.5449431 906.9807868
-1147.7903956 904.4163214
-1146.0363242 901.8570948
-1144.2827313 899.3031011
-1142.5296191 896.7543345
-1140.7769902 894.2107894
-1139.0248467 891.6724599
-1137.2731912 889.1393401
-1135.5220258 886.6114244
-1133.7713531 884.0887069
-1132.0211754 881.5711819
-1130.2714949 879.0588435
-1128.5223142 876.5516860
-1126.7736354 874.0497035
-1125.0254611 871.5528904
-1123.2777935 869.0612407
-1121.5306350 866.5747488
-1119.7839880 864.0934087
-1118.0378548 861.6172148
-1116.2922377 859.1461613
-1114.5471393 856.6802423
-1112.8025617 854.2194521
-1111.0585073 851.7637848
-1109.3149786 849.3132347
-1107.5719779 846.8677961
-1105.8295074 844.4274630
-1104.0875697 841.9922298
-1102.3461670 839.5620906
-1100.6053017 837.1370396
-1098.8649761 834.7170712
-1097.1251927 832.3021793
-1095.3859538 829.8923584
-1093.6472616 827.4876025
-1091.9091187 825.0879060
-1090.1715273 822.6932629
-1088.4344899 820.3036676
-1086.6980086 817.9191142
-1084.9620860 815.5395969
-1083.2267244 813.1651101
-1081.4919262 810.7956477
-1079.7576936 808.4312042
-1078.0240291 806.0717737
-1076.2909349 803.7173503
-1074.5584136 801.3679284
-1072.8264674 799.0235021
-1071.0950987 796.6840656
-1069.3643098 794.3496132
-1067.6341031 792.0201391
-1065.9044809 789.6956374
-1064.1754457 787.3761024
-1062.4469998 785.0615282
-1060.7191455 782.7519092
-1058.9918851 780.4472395
-1057.2652212 778.1475134
-1055.5391559 775.8527249
-1053.8136917 773.5628684
-1052.0888309 771.2779381
-1050.3645759 768.9979282
-1048.6409291 766.7228328
-1046.9178927 764.4526462
-1045.1954692 762.1873627
-1043.4736609 759.9269763
-1041.7524701 757.6714814
-1040.0318993 755.4208721
-1038.3119508 753.1751427
-1036.5926269 750.9342873
-1034.8739300 748.6983002
-1033.1558625 746.4671756
-1031.4384267 744.2409076
-1029.7216249 742.0194906
-1028.0054596 739.8029187
-1026.2899331 737.5911862
-1024.5750477 735.3842871
-1022.8608059 733.1822159
-1021.1472099 730.9849665
-1019.4342621 728.7925334
-1017.7219649 726.6049106
-1016.0103206 724.4220925
-1014.2993316 722.2440731
-1012.5890003 720.0708468
-1010.8793290 717.9024077
-1009.1703201 715.7387501
-1007.4619759 713.5798681
-1005.7542987 711.4257559
-1004.0472911 709.2764078
-1002.3409552 707.1318181
-1000.6352934 704.9919808
-998.9303082 702.8568902
-997.2260019 700.7265406
-995.5223768 698.6009261
-993.8194353 696.4800409
-992.1171797 694.3638793
-990.4156124 692.2524354
-988.7147358 690.1457035
-987.0145522 688.0436778
-985.3150640 685.9463525
-983.6162736 683.8537219
-981.9181832 681.7657800
-980.2207953 679.6825212
-978.5241122 677.6039396
-976.8281362 675.5300295
-975.1328698 673.4607850
-973.4383153 671.3962004
-971.7444750 669.3362700
-970.0513513 667.2809878
-968.3589465 665.2303481
-966.6672631 663.1843451
-964.9763034 661.1429731
-963.2860697 659.1062262
-961.5965643 657.0740987
-959.9077898 655.0465848
-958.2197483 653.0236786
-956.5324423 651.0053744
-954.8458741 648.9916665
-953.1600461 646.9825489
-951.4749606 644.9780160
-949.7906200 642.9780619
-948.1070267 640.9826808
-946.4241829 638.9918670
-944.7420912 637.0056147
-943.0607538 635.0239180
-941.3801730 633.0467713
-939.7003513 631.0741686
-938.0212910 629.1061043
-936.3429945 627.1425725
-934.6654640 625.1835674
-932.9887021 623.2290833
-931.3127110 621.2791143
-929.6374930 619.3336547
-927.9630506 617.3926987
-926.2893861 615.4562405
-924.6165019 613.5242743
-922.9444003 611.5967943
-921.2730837 609.6737947
-919.6025544 607.7552698
-917.9328148 605.8412137
-916.2638672 603.9316207
-914.5957141 602.0264850
-912.9283577 600.1258007
-911.2618005 598.2295621
-909.5960447 596.3377635
-907.9310928 594.4503989
-906.2669471 592.5674627
-904.6036099 590.6889490
-902.9410837 588.8148521
-901.2793707 586.9451662
-899.6184734 585.0798854
-897.9583940 583.2190040
-896.2991350 581.3625162
-894.6406987 579.5104162
-892.9830874 577.6626982
-891.3263036 575.8193564
-889.6703496 573.9803851
-888.0152277 572.1457785
-886.3609402 570.3155307
-884.7074897 568.4896360
-883.0548783 566.6680885
-881.4031085 564.8508826
-879.7521827 563.0380124
-878.1021031 561.2294721
-876.4528721 559.4252559
-874.8044922 557.6253581
-873.1569656 555.8297728
-871.5102947 554.0384943
-869.8644819 552.2515167
-868.2195296 550.4688344
-866.5754400 548.6904414
-864.9322156 546.9163321
-863.2898586 545.1465006
-861.6483716 543.3809411
-860.0077567 541.6196479
-858.3680164 539.8626151
-856.7291531 538.1098370
-855.0911691 536.3613077
-853.4540667 534.6170216
-851.8178483 532.8769727
-850.1825163 531.1411554
-848.5480730 529.4095638
-846.9145208 527.6821921
-845.2818620 525.9590345
-843.6500990 524.2400854
-842.0192342 522.5253387
-840.3892699 520.8147889
-838.7602085 519.1084301
-837.1320523 517.4062564
-835.5048037 515.7082622
-833.8784650 514.0144416
-832.2530387 512.3247888
-830.6285270 510.6392981
-829.0049323 508.9579636
-827.3822570 507.2807796
-825.7605034 505.6077403
-824.1396740 503.9388399
-822.5197709 502.2740726
-820.9007967 500.6134326
-819.2827537 498.9569141
-817.6656442 497.3045114
-816.0494705 495.6562186
-814.4342351 494.0120299
-812.8199403 492.3719397
-811.2065885 490.7359420
-809.5941819 489.1040311
-807.9827231 487.4762012
-806.3722143 485.8524465
-804.7626578 484.2327613
-803.1540561 482.6171397
-801.5464115 481.0055759
-799.9397264 479.3980642
-798.3340031 477.7945988
-796.7292439 476.1951739
-795.1254513 474.5997836
-793.5226276 473.0084223
-791.9207752 471.4210841
-790.3198963 469.8377632
-788.7199934 468.2584538
-787.1210689 466.6831502
-785.5231250 465.1118466
-783.9261642 463.5445371
-782.3301887 461.9812160
-780.7352010 460.4218775
-779.1412035 458.8665158
-777.5481984 457.3151252
-775.9561881 455.7676997
-774.3651750 454.2242337
-772.7751615 452.6847214
-771.1861499 451.1491569
-769.5981425 449.6175345
-768.0111417 448.0898484
-766.4251499 446.5660928
-764.8401695 445.0462619
-763.2562028 443.5303499
-761.6732521 442.0183510
-760.0913198 440.5102595
-758.5104082 439.0060695
-756.9305198 437.5057753
-755.3516569 436.0093711
-753.7738218 434.5168511
-752.1970170 433.0282094
-750.6212446 431.5434404
-749.0465072 430.0625382
-747.4728071 428.5854970
-745.9001466 427.1123111
-744.3285280 425.6429746
-742.7579539 424.1774818
-741.1884264 422.7158269
-739.6199480 421.2580040
-738.0525210 419.8040075
-736.4861477 418.3538314
-734.9208306 416.9074701
-733.3565721 415.4649177
-731.7933743 414.0261685
-730.2312398 412.5912166
-728.6701708 411.1600563
-727.1101697 409.7326818
-725.5512390 408.3090872
-723.9933809 406.8892669
-722.4365977 405.4732150
-720.8808919 404.0609257
-719.3262659 402.6523932
-717.7727219 401.2476118
-716.2202623 399.8465756
-714.6688896 398.4492789
-713.1186059 397.0557159
-711.5694138 395.6658808
-710.0213155 394.2797678
-708.4743135 392.8973710
-706.9284100 391.5186849
-705.3836075 390.1437034
-703.8399082 388.7724209
-702.2973146 387.4048316
-700.7558290 386.0409296
-699.2154538 384.6807092
-697.6761913 383.3241646
-696.1380439 381.9712900
-694.6010139 380.6220796
-693.0651037 379.2765277
-691.5303157 377.9346284
-689.9966522 376.5963759
-688.4641155 375.2617645
-686.9327081 373.9307884
-685.4024323 372.6034417
-683.8732904 371.2797188
-682.3452848 369.9596137
-680.8184179 368.6431208
-679.2926920 367.3302342
-677.7681094 366.0209481
-676.2446726 364.7152568
-674.7223839 363.4131544
-673.2012457 362.1146352
-671.6812602 360.8196934
-670.1624299 359.5283232
-668.6447572 358.2405188
-667.1282443 356.9562745
-665.6128937 355.6755843
-664.0987076 354.3984426
-662.5856885 353.1248435
-661.0738388 351.8547813
-659.5631607 350.5882502
-658.0536566 349.3252444
-656.5453289 348.0657580
-655.0381799 346.8097854
-653.5322121 345.5573207
-652.0274277 344.3083581
-650.5238291 343.0628919
-649.0214187 341.8209162
-647.5201989 340.5824253
-646.0201719 339.3474133
-644.5213402 338.1158746
-643.0237061 336.8878032
-641.5272719 335.6631934
-640.0320401 334.4420395
-638.5380130 333.2243356
-637.0451929 332.0100759
-635.5535822 330.7992547
-634.0631832 329.5918662
-632.5739984 328.3879045
-631.0860300 327.1873640
-629.5992805 325.9902387
-628.1137521 324.7965229
-626.6294473 323.6062109
-625.1463684 322.4192968
-623.6645177 321.2357748
-622.1838977 320.0556392
-620.7045106 318.8788842
-619.2263589 317.7055039
-617.7494449 316.5354926
-616.2737709 315.3688446
-614.7993393 314.2055539
-613.3261525 313.0456149
-611.8542128 311.8890217
-610.3835226 310.7357685
-608.9140842 309.5858496
-607.4459000 308.4392592
-605.9789724 307.2959914
-604.5133037 306.1560406
-603.0488963 305.0194008
-601.5857524 303.8860663
-600.1238746 302.7560314
-598.6632651 301.6292902
-597.2039263 300.5058370
-595.7458606 299.3856659
-594.2890703 298.2687712
-592.8335578 297.1551471
-591.3793254 296.0447877
-589.9263755 294.9376874
-588.4747104 293.8338403
-587.0243326 292.7332406
-585.5752443 291.6358825
-584.1274479 290.5417603
-582.6809458 289.4508682
-581.2357404 288.3632003
-579.7918339 287.2787509
-578.3492288 286.1975142
-576.9079274 285.1194844
-575.4679321 284.0446557
-574.0292452 282.9730224
-572.5918691 281.9045786
-571.1558062 280.8393185
-569.7210587 279.7772364
-568.2876291 278.7183265
-566.8555197 277.6625829
-565.4247329 276.6100000
-563.9952710 275.5605718
-562.5671364 274.5142927
-561.1403315 273.4711568
-559.7148586 272.4311583
-558.2907200 271.3942915
-556.8679182 270.3605506
-555.4464554 269.3299297
-554.0263341 268.3024231
-552.6075565 267.2780250
-551.1901251 266.2567296
-549.7740423 265.2385312
-548.3593103 264.2234238
-546.9459315 263.2114018
-545.5339083 262.2024594
-544.1232431 261.1965907
-542.7139381 260.1937900
-541.3059959 259.1940515
-539.8994186 258.1973694
-538.4942087 257.2037379
-537.0903685 256.2131512
-535.6879005 255.2256035
-534.2868068 254.2410891
-532.8870900 253.2596021
-531.4887524 252.2811368
-530.0917962 251.3056874
-528.6962240 250.3332481
-527.3020380 249.3638130
-525.9092406 248.3973765
-524.5178341 247.4339327
-523.1278209 246.4734758
-521.7392035 245.5160001
-520.3519840 244.5614998
-518.9661649 243.6099689
-517.5817486 242.6614019
-516.1987374 241.7157929
-514.8171336 240.7731360
-513.4369396 239.8334256
-512.0581579 238.8966558
-510.6807906 237.9628208
-509.3048402 237.0319149
-507.9303091 236.1039323
-506.5571996 235.1788671
-505.1855141 234.2567135
-503.8152549 233.3374659
-502.4464243 232.4211184
-501.0790248 231.5076652
-499.7130587 230.5971005
-498.3485283 229.6894185
-496.9854361 228.7846135
-495.6237843 227.8826796
-494.2635754 226.9836112
-492.9048116 226.0874023
-491.5474954 225.1940472
-490.1916291 224.3035400
-488.8372150 223.4158752
-487.4842556 222.5310467
-486.1327531 221.6490489
-484.7827099 220.7698759
-483.4341285 219.8935219
-482.0870111 219.0199813
-480.7413601 218.1492481
-479.3971778 217.2813166
-478.0544667 216.4161811
-476.7132291 215.5538356
-475.3734673 214.6942745
-474.0351837 213.8374919
-472.6983806 212.9834820
-471.3630605 212.1322392
-470.0292256 211.2837574
-468.6968784 210.4380311
-467.3660211 209.5950544
-466.0366562 208.7548215
-464.7087860 207.9173265
-463.3824128 207.0825639
-462.0575390 206.2505276
-460.7341671 205.4212120
-459.4122992 204.5946113
-458.0919379 203.7707196
-456.7730854 202.9495313
-455.4557441 202.1310404
-454.1399163 201.3152412
-452.8256045 200.5021280
-451.5128110 199.6916948
-450.2015381 198.8839361
-448.8917882 198.0788458
-447.5835636 197.2764184
-446.2768668 196.4766479
-444.9717000 195.6795286
-443.6680656 194.8850547
-442.3659661 194.0932204
-441.0654036 193.3040199
-439.7663807 192.5174474
-438.4688997 191.7334972
-437.1729628 190.9521635
-435.8785725 190.1734404
-434.5857312 189.3973222
-433.2944411 188.6238030
-432.0047047 187.8528772
-430.7165243 187.0845389
-429.4299023 186.3187823
-428.1448409 185.5556016
-426.8613427 184.7949911
-425.5794099 184.0369449
-424.2990449 183.2814573
-423.0202500 182.5285225
-421.7430276 181.7781347
-420.4673802 181.0302880
-419.1933099 180.2849768
-417.9208192 179.5421952
-416.6499105 178.8019374
-415.3805861 178.0641977
-414.1128483 177.3289702
-412.8466995 176.5962492
-411.5821421 175.8660289
-410.3191785 175.1383035
-409.0578109 174.4130672
-407.7980418 173.6903141
-406.5398735 172.9700386
-405.2833083 172.2522349
-404.0283487 171.5368971
-402.7749969 170.8240194
-401.5232554 170.1135961
-400.2731265 169.4056214
-399.0246125 168.7000895
-397.7777158 167.9969946
-396.5324388 167.2963309
-395.2887839 166.5980926
-394.0467533 165.9022740
-392.8063494 165.2088692
-391.5675747 164.5178725
-390.3304314 163.8292780
-389.0949219 163.1430800
-387.8610486 162.4592727
-386.6288138 161.7778503
-385.3982200 161.0988071
-384.1692693 160.4221371
-382.9419643 159.7478347
-381.7163072 159.0758941
-380.4923005 158.4063094
-379.2699464 157.7390748
-378.0492474 157.0741847
-376.8302057 156.4116332
-375.6128238 155.7514144
-374.3971040 155.0935227
-373.1830487 154.4379522
-371.9706602 153.7846971
-370.7599409 153.1337517
-369.5508932 152.4851102
-368.3435193 151.8387667
-367.1378217 151.1947155
-365.9338027 150.5529508
-364.7314647 149.9134668
-363.5308100 149.2762577
-362.3318410 148.6413178
-361.1345600 148.0086412
-359.9389694 147.3782221
-358.7450717 146.7500549
-357.5528690 146.1241335
-356.3623638 145.5004524
-355.1735584 144.8790057
-353.9864553 144.2597876
-352.8010566 143.6427923
-351.6173649 143.0280140
-350.4353825 142.4154470
-349.2551117 141.8050854
-348.0765548 141.1969235
-346.8997144 140.5909554
-345.7245926 139.9871755
-344.5511918 139.3855778
-343.3795145 138.7861567
-342.2095630 138.1889062
-341.0413395 137.5938207
-339.8748466 137.0008944
-338.7100865 136.4101214
-337.5470616 135.8214960
-336.3857743 135.2350123
-335.2262269 134.6506646
-334.0684218 134.0684472
-332.9123613 133.4883541
-331.7580478 132.9103797
-330.6054837 132.3345181
-329.4546712 131.7607635
-328.3056129 131.1891102
-327.1583109 130.6195524
-326.0127678 130.0520842
-324.8689857 129.4867000
-323.7269672 128.9233938
-322.5867146 128.3621600
-321.4482301 127.8029926
-320.3115162 127.2458860
-319.1765753 126.6908344
-318.0434096 126.1378319
-316.9120216 125.5868728
-315.7824136 125.0379512
-314.6545879 124.4910615
-313.5285470 123.9461977
-312.4042931 123.4033542
-311.2818287 122.8625251
-310.1611561 122.3237046
-309.0422776 121.7868869
-307.9251956 121.2520664
-306.8099125 120.7192371
-305.6964307 120.1883932
-304.5847524 119.6595291
-303.4748800 119.1326389
-302.3668159 118.6077168
-301.2605625 118.0847570
-300.1561222 117.5637537
-299.0534971 117.0447012
-297.9526898 116.5275937
-296.8537026 116.0124253
-295.7565379 115.4991903
-294.6611979 114.9878829
-293.5676852 114.4784973
-292.4760019 113.9710278
-291.3861505 113.4654684
-290.2981333 112.9618135
-289.2119528 112.4600573
-288.1276111 111.9601939
-287.0451108 111.4622175
-285.9644542 110.9661225
-284.8856436 110.4719029
-283.8086813 109.9795531
-282.7335698 109.4890672
-281.6603114 109.0004394
-280.5889085 108.5136639
-279.5193634 108.0287350
-278.4516784 107.5456469
-277.3858560 107.0643937
-276.3218984 106.5849697
-275.2598081 106.1073691
-274.1995874 105.6315862
-273.1412387 105.1576150
-272.0847643 104.6854499
-271.0301666 104.2150850
-269.9774479 103.7465145
-268.9266105 103.2797328
-267.8776570 102.8147339
-266.8305895 102.3515121
-265.7854105 101.8900615
-264.7421224 101.4303765
-263.7007274 100.9724513
-262.6612280 100.5162799
-261.6236264 100.0618567
-260.5879251 99.6091758
-259.5541264 99.1582315
-258.5222327 98.7090180
-257.4922464 98.2615295
-256.4641697 97.8157602
-255.4380050 97.3717042
-254.4137548 96.9293559
-253.3914213 96.4887095
-252.3710069 96.0497590
-251.3525141 95.6124989
-250.3359450 95.1769232
-249.3213021 94.7430262
-248.3085878 94.3108020
-247.2978044 93.8802450
-246.2889543 93.4513493
-245.2820398 93.0241091
-244.2770632 92.5985186
-243.2740270 92.1745721
-242.2729335 91.7522637
-241.2737851 91.3315877
-240.2765841 90.9125383
-239.2813328 90.4951097
-238.2880337 90.0792961
-237.2966891 89.6650916
-236.3073013 89.2524907
-235.3198727 88.8414873
-234.3344056 88.4320758
-233.3509025 88.0242504
-232.3693657 87.6180052
-231.3897975 87.2133345
-230.4122002 86.8102325
-229.4365764 86.4086934
-228.4629282 86.0087114
-227.4912581 85.6102807
-226.5215685 85.2133956
-225.5538616 84.8180502
-224.5881398 84.4242388
-223.6244056 84.0319555
-222.6626612 83.6411947
-221.7029090 83.2519504
-220.7451514 82.8642169
-219.7893907 82.4779885
-218.8356293 82.0932592
-217.8838695 81.7100234
-216.9341138 81.3282753
-215.9863644 80.9480090
-215.0406237 80.5692188
-214.0968941 80.1918989
-213.1551779 79.8160435
-212.2154775 79.4416467
-211.2777953 79.0687029
-210.3421336 78.6972062
-209.4084947 78.3271509
-208.4768811 77.9585311
-207.5472951 77.5913411
-206.6197390 77.2255750
-205.6942151 76.8612272
-204.7707260 76.4982917
-203.8492738 76.1367628
-202.9298611 75.7766348
-202.0124900 75.4179017
-201.0971630 75.0605580
-200.1838825 74.7045976
-199.2726508 74.3500150
-198.3634702 73.9968042
-197.4563432 73.6449595
-196.5512720 73.2944751
-195.6482591 72.9453452
-194.7473068 72.5975640
-193.8484174 72.2511257
-192.9515933 71.9060246
-192.0568369 71.5622549
-191.1641505 71.2198107
-190.2735364 70.8786863
-189.3849972 70.5388759
-188.4985350 70.2003736
-187.6141523 69.8631738
-186.7318513 69.5272706
-185.8516346 69.1926583
-184.9735044 68.8593309
-184.0974630 68.5272829
-183.2235130 68.1965083
-182.3516565 67.8670013
-181.4818959 67.5387563
-180.6142337 67.2117674
-179.7486722 66.8860288
-178.8852137 66.5615346
-178.0238606 66.2382793
-177.1646152 65.9162569
-176.3074800 65.5954616
-175.4524572 65.2758877
-174.5995492 64.9575294
-173.7487584 64.6403808
-172.9000871 64.3244363
-172.0535378 64.0096900
-171.2091127 63.6961361
-170.3668142 63.3837688
-169.5266447 63.0725824
-168.6886065 62.7625711
-167.8527020 62.4537290
-167.0189335 62.1460504
-166.1873035 61.8395295
-165.3578142 61.5341605
-164.5304680 61.2299376
-163.7052673 60.9268550
-162.8822144 60.6249069
-162.0613117 60.3240876
-161.2425615 60.0243913
-160.4259663 59.7258122
-159.6115283 59.4283444
-158.7992500 59.1319822
-157.9891336 58.8367198
-157.1811816 58.5425514
-156.3753963 58.2494713
-155.5717800 57.9574736
-154.7703351 57.6665525
-153.9710640 57.3767023
-153.1739691 57.0879172
-152.3790526 56.8001914
-151.5863169 56.5135190
-150.7957645 56.2278944
-150.0073976 55.9433116
-149.2212186 55.6597651
-148.4372299 55.3772488
-147.6554339 55.0957571
-146.8758328 54.8152841
-146.0984291 54.5358242
-145.3232251 54.2573714
-144.5502231 53.9799200
-143.7794256 53.7034642
-143.0108348 53.4279982
-142.2444532 53.1535163
-141.4802831 52.8800126
-140.7183268 52.6074813
-139.9585868 52.3359167
-139.2010653 52.0653130
-138.4457648 51.7956644
-137.6926875 51.5269650
-136.9418359 51.2592092
-136.1932122 50.9923911
-135.4468190 50.7265049
-134.7026584 50.4615449
-133.9607329 50.1975052
-133.2210449 49.9343801
-132.4835966 49.6721638
-131.7483905 49.4108504
-131.0154289 49.1504343
-130.2847142 48.8909095
-129.5562487 48.6322704
-128.8300347 48.3745111
-128.1060747 48.1176258
-127.3843710 47.8616088
-126.6649260 47.6064543
-125.9477419 47.3521565
-125.2328212 47.0987095
-124.5201663 46.8461076
-123.8097794 46.5943451
-123.1016630 46.3434160
-122.3958194 46.0933147
-121.6922509 45.8440354
-120.9909600 45.5955722
-120.2919489 45.3479193
-119.5952201 45.1010711
-118.9007758 44.8550216
-118.2086185 44.6097651
-117.5187505 44.3652959
-116.8311742 44.1216080
-116.1458919 43.8786958
-115.4629060 43.6365535
-114.7822188 43.3951752
-114.1038327 43.1545552
-113.4277500 42.9146876
-112.7539732 42.6755668
-112.0825045 42.4371868
-111.4133464 42.1995420
-110.7465011 41.9626265
-110.0819711 41.7264345
-109.4197587 41.4909602
-108.7598662 41.2561980
-108.1022961 41.0221419
-107.4470506 40.7887861
-106.7941322 40.5561250
-106.1435432 40.3241527
-105.4952859 40.0928633
-104.8493627 39.8622513
-104.2057759 39.6323106
-103.5645280 39.4030356
-102.9256213 39.1744205
-102.2890581 38.9464594
-101.6548408 38.7191466
-101.0229718 38.4924763
-100.3934533 38.2664427
-99.7662879 38.0410400
-99.1414777 37.8162625
-98.5190253 37.5921043
-97.8989328 37.3685596
-97.2812028 37.1456227
-96.6658376 36.9232878
-96.0528394 36.7015490
-95.4422108 36.4804007
-94.8339539 36.2598369
-94.2280713 36.0398520
-93.6245652 35.8204401
-93.0234380 35.6015954
-92.4246920 35.3833122
-91.8283297 35.1655847
-91.2343534 34.9484070
-90.6427654 34.7317734
-90.0535681 34.5156781
-89.4667638 34.3001154
-88.8823550 34.0850793
-88.3003439 33.8705642
-87.7207330 33.6565642
-87.1435245 33.4430735
-86.5687209 33.2300864
-85.9963245 33.0175971
-85.4263376 32.8055998
-84.8587627 32.5940887
-84.2936020 32.3830580
-83.7308579 32.1725019
-83.1705329 31.9624147
-82.6126292 31.7527904
-82.0571492 31.5436235
-81.5040952 31.3349080
-80.9534697 31.1266382
-80.4052750 30.9188082
-79.8595134 30.7114124
-79.3161872 30.5044449
-78.7752990 30.2978999
-78.2368509 30.0917716
-77.7008454 29.8860543
-77.1672849 29.6807421
-76.6361716 29.4758293
-76.1075080 29.2713101
-75.5812963 29.0671786
-75.0575391 28.8634292
-74.5362385 28.6600560
-74.0173970 28.4570531
-73.5010170 28.2544150
-72.9871007 28.0521357
-72.4756506 27.8502094
-71.9666689 27.6486304
-71.4601582 27.4473929
-70.9561206 27.2464910
-70.4545587 27.0459191
-69.9554747 26.8456713
-69.4588709 26.6457418
-68.9647499 26.4461248
-68.4731138 26.2468146
-67.9839651 26.0478054
-67.4973061 25.8490913
-67.0131392 25.6506666
-66.5314668 25.4525255
-66.0522911 25.2546622
-65.5756146 25.0570709
-65.1014397 24.8597458
-64.6297685 24.6626812
-64.1606037 24.4658712
-63.6939474 24.2693100
-63.2298020 24.0729920
-62.7681700 23.8769112
-62.3090536 23.6810619
-61.8524553 23.4854384
-61.3983773 23.2900347
-60.9468220 23.0948452
-60.4977919 22.8998640
-60.0512892 22.7050853
-59.6073163 22.5105034
-59.1658756 22.3161125
-58.7269694 22.1219068
-58.2906001 21.9278805
-57.8567700 21.7340277
-57.4254815 21.5403428
-56.9967370 21.3468199
-56.5705388 21.1534533
-56.1468893 20.9602371
-55.7257908 20.7671655
-55.3072457 20.5742329
-54.8912563 20.3814333
-54.4778250 20.1887610
-54.0669542 19.9962102
-53.6586463 19.8037752
-53.2529035 19.6114501
-52.8497282 19.4192291
-52.4491228 19.2271064
-52.0510897 19.0350764
-51.6556312 18.8431331
-51.2627496 18.6512708
-50.8724474 18.4594836
-50.4847269 18.2677659
-50.0995904 18.0761119
-49.7170403 17.8845156
-49.3370789 17.6929714
-48.9597087 17.5014734
-48.5849319 17.3100159
-48.2127510 17.1185931
-47.8431683 16.9271992
-47.4761861 16.7358283
-47.1118068 16.5444748
-46.7500327 16.3531328
-46.3908663 16.1617965
-46.0343099 15.9704602
-45.6803658 15.7791180
-45.3290364 15.5877642
-44.9803240 15.3963930
-44.6342311 15.2049986
-44.2907599 15.0135751
-43.9499128 14.8221169
-43.6116923 14.6306181
-43.2761005 14.4390729
-42.9431400 14.2474756
-42.6128130 14.0558203
-42.2851220 13.8641013
-41.9600692 13.6723128
-41.6376570 13.4804489
-41.3178878 13.2885040
-41.0007640 13.0964722
-40.6862879 12.9043477
-40.3744618 12.7121247
-40.0652882 12.5197975
-39.7587693 12.3273602
-39.4549075 12.1348071
-39.1537053 11.9421324
-38.8551649 11.7493303
-38.5592887 11.5563950
-38.2660791 11.3633207
-37.9755384 11.1701016
-37.6876690 10.9767319
-37.4024732 10.7832059
-37.1199535 10.5895178
-36.8401120 10.3956617
-36.5629513 10.2016319
-36.2884737 10.0074226
-36.0166815 9.8130280
-35.7475771 9.6184424
-35.4811628 9.4236598
-35.2174410 9.2286746
-34.9564141 9.0334809
-34.6980844 8.8380730
-34.4424543 8.6424451
-34.1895262 8.4465913
-33.9393023 8.2505060
-33.6917850 8.0541832
-33.4469768 7.8576173
-33.2048800 7.6608024
-32.9654968 7.4637327
-32.7288298 7.2664025
-32.4948811 7.0688059
-32.2636533 6.8709373
-32.0351487 6.6727906
-31.8093695 6.4743603
-31.5863182 6.2756405
-31.3659972 6.0766255
-31.1484087 5.8773093
-30.9335552 5.6776863
-30.7214390 5.4777506
-30.5120624 5.2774965
-30.3054279 5.0769182
-30.1015378 4.8760099
-29.9003943 4.6747657
-29.7020000 4.4731800
