#Parameters Start: 0 0.075 0 0 
#Parameters Lower: 0 0.075 0 0 
#Parameters Upper: 0.075 0.15 0.3 0.3 
#Parameters: 0 0.075 0 0 
#Solar power: 720
#Irradiance crystal: 501.02
#Irradiation efficiency: 0.695861
#Absorbed power: 90.2493
#Absorbed power (var): 0.16434
#Absorption efficiency (total): 0.125346
#Absorption efficiency (irradiated): 0.180131
#asldMirrorZcoordinate 10.0000000
#asldLensZcoordinate -1585.0000000
-224.0000000 150.0000000
-223.3286718 149.7750001
-222.6586862 149.5500006
-221.9900420 149.3250021
-221.3227377 149.1000051
-220.6567720 148.8750099
-219.9921436 148.6500171
-219.3288512 148.4250272
-218.6668933 148.2000406
-218.0062687 147.9750577
-217.3469760 147.7500792
-216.6890139 147.5251054
-216.0323809 147.3001369
-215.3770759 147.0751740
-214.7230973 146.8502173
-214.0704440 146.6252673
-213.4191145 146.4003244
-212.7691075 146.1753891
-212.1204216 145.9504619
-211.4730556 145.7255432
-210.8270080 145.5006336
-210.1822775 145.2757335
-209.5388628 145.0508433
-208.8967626 144.8259636
-208.2559754 144.6010949
-207.6165000 144.3762375
-206.9783350 144.1513920
-206.3414790 143.9265589
-205.7059308 143.7017386
-205.0716889 143.4769316
-204.4387520 143.2521384
-203.8071188 143.0273594
-203.1767880 142.8025952
-202.5477581 142.5778462
-201.9200279 142.3531129
-201.2935960 142.1283957
-200.6684611 141.9036952
-200.0446217 141.6790117
-199.4220767 141.4543459
-198.8008245 141.2296981
-198.1808640 141.0050688
-197.5621937 140.7804585
-196.9448123 140.5558678
-196.3287184 140.3312970
-195.7139108 140.1067466
-195.1003880 139.8822171
-194.4881487 139.6577090
-193.8771916 139.4332228
-193.2675154 139.2087589
-192.6591186 138.9843178
-192.0520000 138.7599000
-191.4461582 138.5355060
-190.8415918 138.3111362
-190.2382996 138.0867911
-189.6362801 137.8624711
-189.0355320 137.6381769
-188.4360540 137.4139088
-187.8378448 137.1896673
-187.2409029 136.9654529
-186.6452271 136.7412660
-186.0508160 136.5171072
-185.4576683 136.2929769
-184.8657825 136.0688756
-184.2751575 135.8448037
-183.6857917 135.6207618
-183.0976840 135.3967503
-182.5108329 135.1727697
-181.9252371 134.9488204
-181.3408952 134.7249030
-180.7578060 134.5010179
-180.1759680 134.2771656
-179.5953799 134.0533466
-179.0160404 133.8295612
-178.4379482 133.6058101
-177.8611018 133.3820937
-177.2855000 133.1584125
-176.7111414 132.9347669
-176.1380246 132.7111574
-175.5661484 132.4875845
-174.9955113 132.2640487
-174.4261120 132.0405504
-173.8579492 131.8170901
-173.2910216 131.5936683
-172.7253277 131.3702855
-172.1608663 131.1469422
-171.5976360 130.9236387
-171.0356355 130.7003756
-170.4748633 130.4771534
-169.9153183 130.2539726
-169.3569989 130.0308335
-168.7999040 129.8077368
-168.2440321 129.5846828
-167.6893819 129.3616721
-167.1359520 129.1387051
-166.5837412 128.9157823
-166.0327480 128.6929041
-165.4829711 128.4700711
-164.9344092 128.2472837
-164.3870610 128.0245424
-163.8409250 127.8018477
-163.2960000 127.5792000
-162.7522846 127.3565998
-162.2097774 127.1340477
-161.6684772 126.9115440
-161.1283825 126.6890892
-160.5894920 126.4666839
-160.0518044 126.2443285
-159.5153184 126.0220234
-158.9800325 125.7997692
-158.4459455 125.5775663
-157.9130560 125.3554152
-157.3813627 125.1333164
-156.8508641 124.9112703
-156.3215591 124.6892774
-155.7934461 124.4673383
-155.2665240 124.2454533
-154.7407913 124.0236230
-154.2162467 123.8018477
-153.6928888 123.5801281
-153.1707164 123.3584646
-152.6497280 123.1368576
-152.1299223 122.9153076
-151.6112980 122.6938152
-151.0938538 122.4723807
-150.5775882 122.2510046
-150.0625000 122.0296875
-149.5485878 121.8084298
-149.0358502 121.5872319
-148.5242860 121.3660944
-148.0138937 121.1450178
-147.5046720 120.9240024
-146.9966196 120.7030488
-146.4897352 120.4821575
-145.9840173 120.2613289
-145.4794647 120.0405634
-144.9760760 119.8198617
-144.4738499 119.5992241
-143.9727849 119.3786512
-143.4728799 119.1581433
-142.9741333 118.9377010
-142.4765440 118.7173248
-141.9801105 118.4970151
-141.4848315 118.2767724
-140.9907056 118.0565972
-140.4977316 117.8364899
-140.0059080 117.6164511
-139.5152335 117.3964812
-139.0257068 117.1765806
-138.5373266 116.9567499
-138.0500914 116.7369896
-137.5640000 116.5173000
-137.0790510 116.2976817
-136.5952430 116.0781352
-136.1125748 115.8586609
-135.6310449 115.6392593
-135.1506520 115.4199309
-134.6713948 115.2006761
-134.1932720 114.9814955
-133.7162821 114.7623895
-133.2404239 114.5433586
-132.7656960 114.3244032
-132.2920971 114.1055239
-131.8196257 113.8867210
-131.3482807 113.6679952
-130.8780605 113.4493468
-130.4089640 113.2307763
-129.9409897 113.0122842
-129.4741363 112.7938711
-129.0084024 112.5755373
-128.5437868 112.3572833
-128.0802880 112.1391096
-127.6179047 111.9210167
-127.1566356 111.7030051
-126.6964794 111.4850752
-126.2374346 111.2672275
-125.7795000 111.0494625
-125.3226742 110.8317807
-124.8669558 110.6141825
-124.4123436 110.3966684
-123.9588361 110.1792388
-123.5064320 109.9618944
-123.0551300 109.7446355
-122.6049288 109.5274626
-122.1558269 109.3103762
-121.7078231 109.0933767
-121.2609160 108.8764647
-120.8151043 108.6596406
-120.3703865 108.4429049
-119.9267615 108.2262580
-119.4842277 108.0097005
-119.0427840 107.7932328
-118.6024289 107.5768554
-118.1631611 107.3605687
-117.7249792 107.1443733
-117.2878820 106.9282696
-116.8518680 106.7122581
-116.4169359 106.4963393
-115.9830844 106.2805135
-115.5503122 106.0647814
-115.1186178 105.8491434
-114.6880000 105.6336000
-114.2584574 105.4181516
-113.8299886 105.2027987
-113.4025924 104.9875418
-112.9762673 104.7723814
-112.5510120 104.5573179
-112.1268252 104.3423518
-111.7037056 104.1274836
-111.2816517 103.9127138
-110.8606623 103.6980429
-110.4407360 103.4834712
-110.0218715 103.2689993
-109.6040673 103.0546277
-109.1873223 102.8403569
-108.7716349 102.6261872
-108.3570040 102.4121193
-107.9434281 102.1981535
-107.5309059 101.9842904
-107.1194360 101.7705304
-106.7090172 101.5568740
-106.2996480 101.3433216
-105.8913271 101.1298738
-105.4840532 100.9165310
-105.0778250 100.7032937
-104.6726410 100.4901624
-104.2685000 100.2771375
-103.8654006 100.0642195
-103.4633414 99.8514090
-103.0623212 99.6387063
-102.6623385 99.4261119
-102.2633920 99.2136264
-101.8654804 99.0012502
-101.4686024 98.7889837
-101.0727565 98.5768275
-100.6779415 98.3647820
-100.2841560 98.1528477
-99.8913987 97.9410251
-99.4996681 97.7293146
-99.1089631 97.5177167
-98.7192821 97.3062320
-98.3306240 97.0948608
-97.9429873 96.8836037
-97.5563707 96.6724610
-97.1707728 96.4614334
-96.7861924 96.2505213
-96.4026280 96.0397251
-96.0200783 95.8290453
-95.6385420 95.6184825
-95.2580178 95.4080370
-94.8785042 95.1977093
-94.5000000 94.9875000
-94.1225038 94.7774095
-93.7460142 94.5674382
-93.3705300 94.3575867
-92.9960497 94.1478555
-92.6225720 93.9382449
-92.2500956 93.7287555
-91.8786192 93.5193878
-91.5081413 93.3101422
-91.1386607 93.1010191
-90.7701760 92.8920192
-90.4026859 92.6831428
-90.0361889 92.4743905
-89.6706839 92.2657626
-89.3061693 92.0572597
-88.9426440 91.8488823
-88.5801065 91.6406308
-88.2185555 91.4325057
-87.8579896 91.2245075
-87.4984076 91.0166366
-87.1398080 90.8088936
-86.7821895 90.6012789
-86.4255508 90.3937929
-86.0698906 90.1864362
-85.7152074 89.9792093
-85.3615000 89.7721125
-85.0087670 89.5651464
-84.6570070 89.3583115
-84.3062188 89.1516082
-83.9564009 88.9450370
-83.6075520 88.7385984
-83.2596708 88.5322928
-82.9127560 88.3261208
-82.5668061 88.1200828
-82.2218199 87.9141793
-81.8777960 87.7084107
-81.5347331 87.5027776
-81.1926297 87.2972803
-80.8514847 87.0919195
-80.5112965 86.8866955
-80.1720640 86.6816088
-79.8337857 86.4766599
-79.4964603 86.2718494
-79.1600864 86.0671776
-78.8246628 85.8626450
-78.4901880 85.6582521
-78.1566607 85.4539994
-77.8240796 85.2498874
-77.4924434 85.0459165
-77.1617506 84.8420872
-76.8320000 84.6384000
-76.5031902 84.4348554
-76.1753198 84.2314538
-75.8483876 84.0281957
-75.5223921 83.8250815
-75.1973320 83.6221119
-74.8732060 83.4192872
-74.5500128 83.2166079
-74.2277509 83.0140745
-73.9064191 82.8116874
-73.5860160 82.6094472
-73.2665403 82.4073543
-72.9479905 82.2054092
-72.6303655 82.0036123
-72.3136637 81.8019642
-71.9978840 81.6004653
-71.6830249 81.3991161
-71.3690851 81.1979170
-71.0560632 80.9968686
-70.7439580 80.7959713
-70.4327680 80.5952256
-70.1224919 80.3946320
-69.8131284 80.1941908
-69.5046762 79.9939027
-69.1971338 79.7937681
-68.8905000 79.5937875
-68.5847734 79.3939613
-68.2799526 79.1942900
-67.9760364 78.9947741
-67.6730233 78.7954141
-67.3709120 78.5962104
-67.0697012 78.3971635
-66.7693896 78.1982739
-66.4699757 77.9995421
-66.1714583 77.8009686
-65.8738360 77.6025537
-65.5771075 77.4042980
-65.2812713 77.2062020
-64.9863263 77.0082662
-64.6922709 76.8104909
-64.3991040 76.6128768
-64.1068241 76.4154242
-63.8154299 76.2181337
-63.5249200 76.0210057
-63.2352932 75.8240407
-62.9465480 75.6272391
-62.6586831 75.4306015
-62.3716972 75.2341283
-62.0855890 75.0378200
-61.8003570 74.8416771
-61.5160000 74.6457000
-61.2325166 74.4498892
-60.9499054 74.2542453
-60.6681652 74.0587686
-60.3872945 73.8634596
-60.1072920 73.6683189
-59.8281564 73.4733469
-59.5498864 73.2785440
-59.2724805 73.0839108
-58.9959375 72.8894477
-58.7202560 72.6951552
-58.4454347 72.5010338
-58.1714721 72.3070839
-57.8983671 72.1133060
-57.6261181 71.9197007
-57.3547240 71.7262683
-57.0841833 71.5330094
-56.8144947 71.3399243
-56.5456568 71.1470137
-56.2776684 70.9542780
-56.0105280 70.7617176
-55.7442343 70.5693330
-55.4787860 70.3771248
-55.2141818 70.1850933
-54.9504202 69.9932390
-54.6875000 69.8015625
-54.4254198 69.6100642
-54.1641782 69.4187445
-53.9037740 69.2276040
-53.6442057 69.0366432
-53.3854720 68.8458624
-53.1275716 68.6552622
-52.8705032 68.4648431
-52.6142653 68.2746055
-52.3588567 68.0845498
-52.1042760 67.8946767
-51.8505219 67.7049865
-51.5975929 67.5154798
-51.3454879 67.3261569
-51.0942053 67.1370184
-50.8437440 66.9480648
-50.5941025 66.7592965
-50.3452795 66.5707140
-50.0972736 66.3823178
-49.8500836 66.1941083
-49.6037080 66.0060861
-49.3581455 65.8182516
-49.1133948 65.6306052
-48.8694546 65.4431475
-48.6263234 65.2558790
-48.3840000 65.0688000
-48.1424830 64.8819111
-47.9017710 64.6952128
-47.6618628 64.5087055
-47.4227569 64.3223897
-47.1844520 64.1362659
-46.9469468 63.9503345
-46.7102400 63.7645961
-46.4743301 63.5790511
-46.2392159 63.3937000
-46.0048960 63.2085432
-45.7713691 63.0235813
-45.5386337 62.8388146
-45.3066887 62.6542438
-45.0755325 62.4698692
-44.8451640 62.2856913
-44.6155817 62.1017106
-44.3867843 61.9179277
-44.1587704 61.7343429
-43.9315388 61.5509567
-43.7050880 61.3677696
-43.4794167 61.1847821
-43.2545236 61.0019947
-43.0304074 60.8194078
-42.8070666 60.6370219
-42.5845000 60.4548375
-42.3627062 60.2728551
-42.1416838 60.0910751
-41.9214316 59.9094980
-41.7019481 59.7281242
-41.4832320 59.5469544
-41.2652820 59.3659889
-41.0480968 59.1852282
-40.8316749 59.0046728
-40.6160151 58.8243231
-40.4011160 58.6441797
-40.1869763 58.4642430
-39.9735945 58.2845135
-39.7609695 58.1049916
-39.5490997 57.9256779
-39.3379840 57.7465728
-39.1276209 57.5676768
-38.9180091 57.3889903
-38.7091472 57.2105139
-38.5010340 57.0322480
-38.2936680 56.8541931
-38.0870479 56.6763497
-37.8811724 56.4987181
-37.6760402 56.3212990
-37.4716498 56.1440928
-37.2680000 55.9671000
-37.0650894 55.7903210
-36.8629166 55.6137563
-36.6614804 55.4374064
-36.4607793 55.2612718
-36.2608120 55.0853529
-36.0615772 54.9096502
-35.8630736 54.7341642
-35.6652997 54.5588954
-35.4682543 54.3838443
-35.2719360 54.2090112
-35.0763435 54.0343967
-34.8814753 53.8600013
-34.6873303 53.6858255
-34.4939069 53.5118696
-34.3012040 53.3381343
-34.1092201 53.1646199
-33.9179539 52.9913270
-33.7274040 52.8182560
-33.5375692 52.6454074
-33.3484480 52.4727816
-33.1600391 52.3003792
-32.9723412 52.1282006
-32.7853530 51.9562463
-32.5990730 51.7845168
-32.4135000 51.6130125
-32.2286326 51.4417339
-32.0444694 51.2706816
-31.8610092 51.0998559
-31.6782505 50.9292573
-31.4961920 50.7588864
-31.3148324 50.5887436
-31.1341704 50.4188293
-30.9542045 50.2491441
-30.7749335 50.0796884
-30.5963560 49.9104627
-30.4184707 49.7414675
-30.2412761 49.5727032
-30.0647711 49.4041703
-29.8889541 49.2358694
-29.7138240 49.0678008
-29.5393793 48.8999651
-29.3656187 48.7323626
-29.1925408 48.5649940
-29.0201444 48.3978597
-28.8484280 48.2309601
-28.6773903 48.0642957
-28.5070300 47.8978671
-28.3373458 47.7316746
-28.1683362 47.5657187
-28.0000000 47.4000000
-27.8323358 47.2345189
-27.6653422 47.0692758
-27.4990180 46.9042713
-27.3333617 46.7395059
-27.1683720 46.5749799
-27.0040476 46.4106939
-26.8403872 46.2466484
-26.6773893 46.0828438
-26.5150527 45.9192805
-26.3533760 45.7559592
-26.1923579 45.5928802
-26.0319969 45.4300441
-25.8722919 45.2674512
-25.7132413 45.1051021
-25.5548440 44.9429973
-25.3970985 44.7811372
-25.2400035 44.6195223
-25.0835576 44.4581531
-24.9277596 44.2970300
-24.7726080 44.1361536
-24.6181015 43.9755243
-24.4642388 43.8151425
-24.3110186 43.6550088
-24.1584394 43.4951237
-24.0065000 43.3354875
-23.8551990 43.1761008
-23.7045350 43.0169641
-23.5545068 42.8580778
-23.4051129 42.6994424
-23.2563520 42.5410584
-23.1082228 42.3829262
-22.9607240 42.2250464
-22.8138541 42.0674194
-22.6676119 41.9100457
-22.5219960 41.7529257
-22.3770051 41.5960600
-22.2326377 41.4394489
-22.0888927 41.2830931
-21.9457685 41.1269929
-21.8032640 40.9711488
-21.6613777 40.8155613
-21.5201083 40.6602310
-21.3794544 40.5051582
-21.2394148 40.3503434
-21.0999880 40.1957871
-20.9611727 40.0414898
-20.8229676 39.8874520
-20.6853714 39.7336741
-20.5483826 39.5801566
-20.4120000 39.4269000
-20.2762222 39.2739048
-20.1410478 39.1211714
-20.0064756 38.9687003
-19.8725041 38.8164919
-19.7391320 38.6645469
-19.6063580 38.5128656
-19.4741808 38.3614485
-19.3425989 38.2102961
-19.2116111 38.0594088
-19.0812160 37.9087872
-18.9514123 37.7584317
-18.8221985 37.6083428
-18.6935735 37.4585209
-18.5655357 37.3089666
-18.4380840 37.1596803
-18.3112169 37.0106625
-18.1849331 36.8619136
-18.0592312 36.7134342
-17.9341100 36.5652247
-17.8095680 36.4172856
-17.6856039 36.2696174
-17.5622164 36.1222204
-17.4394042 35.9750953
-17.3171658 35.8282425
-17.1955000 35.6816625
-17.0744054 35.5353557
-16.9538806 35.3893226
-16.8339244 35.2435637
-16.7145353 35.0980795
-16.5957120 34.9528704
-16.4774532 34.8079369
-16.3597576 34.6632795
-16.2426237 34.5188987
-16.1260503 34.3747950
-16.0100360 34.2309687
-15.8945795 34.0874204
-15.7796793 33.9441506
-15.6653343 33.8011598
-15.5515429 33.6584483
-15.4383040 33.5160168
-15.3256161 33.3738656
-15.2134779 33.2319953
-15.1018880 33.0904063
-14.9908452 32.9490991
-14.8803480 32.8080741
-14.7703951 32.6673319
-14.6609852 32.5268729
-14.5521170 32.3866976
-14.4437890 32.2468065
-14.3360000 32.1072000
-14.2287486 31.9678786
-14.1220334 31.8288429
-14.0158532 31.6900932
-13.9102065 31.5516300
-13.8050920 31.4134539
-13.7005084 31.2755653
-13.5964544 31.1379646
-13.4929285 31.0006524
-13.3899295 30.8636291
-13.2874560 30.7268952
-13.1855067 30.5904512
-13.0840801 30.4542975
-12.9831751 30.3184346
-12.8827901 30.1828631
-12.7829240 30.0475833
-12.6835753 29.9125958
-12.5847427 29.7779009
-12.4864248 29.6434993
-12.3886204 29.5093914
-12.2913280 29.3755776
-12.1945463 29.2420584
-12.0982740 29.1088344
-12.0025098 28.9759059
-11.9072522 28.8432734
-11.8125000 28.7109375
-11.7182518 28.5788986
-11.6245062 28.4471571
-11.5312620 28.3157136
-11.4385177 28.1845686
-11.3462720 28.0537224
-11.2545236 27.9231756
-11.1632712 27.7929287
-11.0725133 27.6629821
-10.9822487 27.5333362
-10.8924760 27.4039917
-10.8031939 27.2749489
-10.7144009 27.1462084
-10.6260959 27.0177705
-10.5382773 26.8896358
-10.4509440 26.7618048
-10.3640945 26.6342779
-10.2777275 26.5070556
-10.1918416 26.3801384
-10.1064356 26.2535267
-10.0215080 26.1272211
-9.9370575 26.0012220
-9.8530828 25.8755298
-9.7695826 25.7501451
-9.6865554 25.6250684
-9.6040000 25.5003000
-9.5219150 25.3758405
-9.4402990 25.2516904
-9.3591508 25.1278501
-9.2784689 25.0043201
-9.1982520 24.8811009
-9.1184988 24.7581929
-9.0392080 24.6355967
-8.9603781 24.5133127
-8.8820079 24.3913414
-8.8040960 24.2696832
-8.7266411 24.1483387
-8.6496417 24.0273082
-8.5730967 23.9065924
-8.4970045 23.7861916
-8.4213640 23.6661063
-8.3461737 23.5463370
-8.2714323 23.4268843
-8.1971384 23.3077485
-8.1232908 23.1889301
-8.0498880 23.0704296
-7.9769287 22.9522475
-7.9044116 22.8343843
-7.8323354 22.7168404
-7.7606986 22.5996163
-7.6895000 22.4827125
-7.6187382 22.3661295
-7.5484118 22.2498677
-7.4785196 22.1339276
-7.4090601 22.0183096
-7.3400320 21.9030144
-7.2714340 21.7880423
-7.2032648 21.6733938
-7.1355229 21.5590694
-7.0682071 21.4450695
-7.0013160 21.3313947
-6.9348483 21.2180454
-6.8688025 21.1050221
-6.8031775 20.9923252
-6.7379717 20.8799553
-6.6731840 20.7679128
-6.6088129 20.6561982
-6.5448571 20.5448119
-6.4813152 20.4337545
-6.4181860 20.3230264
-6.3554680 20.2126281
-6.2931599 20.1025601
-6.2312604 19.9928227
-6.1697682 19.8834166
-6.1086818 19.7743422
-6.0480000 19.6656000
-5.9877214 19.5571904
-5.9278446 19.4491139
-5.8683684 19.3413710
-5.8092913 19.2339622
-5.7506120 19.1268879
-5.6923292 19.0201486
-5.6344416 18.9137448
-5.5769477 18.8076770
-5.5198463 18.7019457
-5.4631360 18.5965512
-5.4068155 18.4914941
-5.3508833 18.3867749
-5.2953383 18.2823941
-5.2401789 18.1783520
-5.1854040 18.0746493
-5.1310121 17.9712863
-5.0770019 17.8682636
-5.0233720 17.7655816
-4.9701212 17.6632408
-4.9172480 17.5612416
-4.8647511 17.4595846
-4.8126292 17.3582702
-4.7608810 17.2572989
-4.7095050 17.1566712
-4.6585000 17.0563875
-4.6078646 16.9564483
-4.5575974 16.8568542
-4.5076972 16.7576055
-4.4581625 16.6587027
-4.4089920 16.5601464
-4.3601844 16.4619370
-4.3117384 16.3640749
-4.2636525 16.2665607
-4.2159255 16.1693948
-4.1685560 16.0725777
-4.1215427 15.9761099
-4.0748841 15.8799918
-4.0285791 15.7842239
-3.9826261 15.6888068
-3.9370240 15.5937408
-3.8917713 15.4990265
-3.8468667 15.4046642
-3.8023088 15.3106546
-3.7580964 15.2169981
-3.7142280 15.1236951
-3.6707023 15.0307461
-3.6275180 14.9381517
-3.5846738 14.8459122
-3.5421682 14.7540281
-3.5000000 14.6625000
-3.4581678 14.5713283
-3.4166702 14.4805134
-3.3755060 14.3900559
-3.3346737 14.2999563
-3.2941720 14.2102149
-3.2539996 14.1208323
-3.2141552 14.0318090
-3.1746373 13.9431454
-3.1354447 13.8548419
-3.0965760 13.7668992
-3.0580299 13.6793176
-3.0198049 13.5920977
-2.9818999 13.5052398
-2.9443133 13.4187445
-2.9070440 13.3326123
-2.8700905 13.2468436
-2.8334515 13.1614389
-2.7971256 13.0763987
-2.7611116 12.9917234
-2.7254080 12.9074136
-2.6900135 12.8234697
-2.6549268 12.7398921
-2.6201466 12.6566814
-2.5856714 12.5738381
-2.5515000 12.4913625
-2.5176310 12.4092552
-2.4840630 12.3275167
-2.4507948 12.2461474
-2.4178249 12.1651478
-2.3851520 12.0845184
-2.3527748 12.0042596
-2.3206920 11.9243720
-2.2889021 11.8448560
-2.2574039 11.7657121
-2.2261960 11.6869407
-2.1952771 11.6085424
-2.1646457 11.5305175
-2.1343007 11.4528667
-2.1042405 11.3755903
-2.0744640 11.2986888
-2.0449697 11.2221627
-2.0157563 11.1460126
-1.9868224 11.0702388
-1.9581668 10.9948418
-1.9297880 10.9198221
-1.9016847 10.8451802
-1.8738556 10.7709166
-1.8462994 10.6970317
-1.8190146 10.6235260
-1.7920000 10.5504000
-1.7652542 10.4776542
-1.7387758 10.4052890
-1.7125636 10.3333049
-1.6866161 10.2617023
-1.6609320 10.1904819
-1.6355100 10.1196440
-1.6103488 10.0491891
-1.5854469 9.9791177
-1.5608031 9.9094302
-1.5364160 9.8401272
-1.5122843 9.7712091
-1.4884065 9.7026764
-1.4647815 9.6345295
-1.4414077 9.5667690
-1.4182840 9.4993953
-1.3954089 9.4324089
-1.3727811 9.3658102
-1.3503992 9.2995998
-1.3282620 9.2337781
-1.3063680 9.1683456
-1.2847159 9.1033028
-1.2633044 9.0386500
-1.2421322 8.9743879
-1.2211978 8.9105169
-1.2005000 8.8470375
-1.1800374 8.7839501
-1.1598086 8.7212552
-1.1398124 8.6589533
-1.1200473 8.5970449
-1.1005120 8.5355304
-1.0812052 8.4744103
-1.0621256 8.4136851
-1.0432717 8.3533553
-1.0246423 8.2934214
-1.0062360 8.2338837
-0.9880515 8.1747428
-0.9700873 8.1159992
-0.9523423 8.0576534
-0.9348149 7.9997057
-0.9175040 7.9421568
-0.9004081 7.8850070
-0.8835259 7.8282569
-0.8668560 7.7719069
-0.8503972 7.7159575
-0.8341480 7.6604091
-0.8181071 7.6052623
-0.8022732 7.5505175
-0.7866450 7.4961752
-0.7712210 7.4422359
-0.7560000 7.3887000
-0.7409806 7.3355680
-0.7261614 7.2828405
-0.7115412 7.2305178
-0.6971185 7.1786004
-0.6828920 7.1270889
-0.6688604 7.0759837
-0.6550224 7.0252852
-0.6413765 6.9749940
-0.6279215 6.9251105
-0.6146560 6.8756352
-0.6015787 6.8265686
-0.5886881 6.7779111
-0.5759831 6.7296632
-0.5634621 6.6818255
-0.5511240 6.6343983
-0.5389673 6.5873822
-0.5269907 6.5407775
-0.5151928 6.4945849
-0.5035724 6.4488048
-0.4921280 6.4034376
-0.4808583 6.3584838
-0.4697620 6.3139440
-0.4588378 6.2698185
-0.4480842 6.2261078
-0.4375000 6.1828125
-0.4270838 6.1399330
-0.4168342 6.0974697
-0.4067500 6.0554232
-0.3968297 6.0137940
-0.3870720 5.9725824
-0.3774756 5.9317890
-0.3680392 5.8914143
-0.3587613 5.8514587
-0.3496407 5.8119226
-0.3406760 5.7728067
-0.3318659 5.7341113
-0.3232089 5.6958370
-0.3147039 5.6579841
-0.3063493 5.6205532
-0.2981440 5.5835448
-0.2900865 5.5469593
-0.2821755 5.5107972
-0.2744096 5.4750590
-0.2667876 5.4397451
-0.2593080 5.4048561
-0.2519695 5.3703924
-0.2447708 5.3363544
-0.2377106 5.3027427
-0.2307874 5.2695578
-0.2240000 5.2368000
-0.2173470 5.2044699
-0.2108270 5.1725680
-0.2044388 5.1410947
-0.1981809 5.1100505
-0.1920520 5.0794359
-0.1860508 5.0492513
-0.1801760 5.0194973
-0.1744261 4.9901743
-0.1687999 4.9612828
-0.1632960 4.9328232
-0.1579131 4.9047961
-0.1526497 4.8772018
-0.1475047 4.8500410
-0.1424765 4.8233140
-0.1375640 4.7970213
-0.1327657 4.7711634
-0.1280803 4.7457409
-0.1235064 4.7207541
-0.1190428 4.6962035
-0.1146880 4.6720896
-0.1104407 4.6484129
-0.1062996 4.6251739
-0.1022634 4.6023730
-0.0983306 4.5800107
-0.0945000 4.5580875
-0.0907702 4.5366039
-0.0871398 4.5155603
-0.0836076 4.4949572
-0.0801721 4.4747950
-0.0768320 4.4550744
-0.0735860 4.4357957
-0.0704328 4.4169594
-0.0673709 4.3985660
-0.0643991 4.3806159
-0.0615160 4.3631097
-0.0587203 4.3460478
-0.0560105 4.3294307
-0.0533855 4.3132588
-0.0508437 4.2975327
-0.0483840 4.2822528
-0.0460049 4.2674196
-0.0437051 4.2530335
-0.0414832 4.2390951
-0.0393380 4.2256048
-0.0372680 4.2125631
-0.0352719 4.1999705
-0.0333484 4.1878273
-0.0314962 4.1761342
-0.0297138 4.1648916
-0.0280000 4.1541000
-0.0263534 4.1437598
-0.0247726 4.1338715
-0.0232564 4.1244356
-0.0218033 4.1154526
-0.0204120 4.1069229
-0.0190812 4.0988470
-0.0178096 4.0912254
-0.0165957 4.0840586
-0.0154383 4.0773471
-0.0143360 4.0710912
-0.0132875 4.0652915
-0.0122913 4.0599485
-0.0113463 4.0550627
-0.0104509 4.0506344
-0.0096040 4.0466643
-0.0088041 4.0431527
-0.0080499 4.0401002
-0.0073400 4.0375072
-0.0066732 4.0353742
-0.0060480 4.0337016
-0.0054631 4.0324900
-0.0049172 4.0317398
-0.0044090 4.0314515
-0.0039370 4.0316256
-0.0035000 4.0322625
-0.0030966 4.0333627
-0.0027254 4.0349268
-0.0023852 4.0369551
-0.0020745 4.0394481
-0.0017920 4.0424064
-0.0015364 4.0458304
-0.0013064 4.0497205
-0.0011005 4.0540773
-0.0009175 4.0589012
-0.0007560 4.0641927
-0.0006147 4.0699523
-0.0004921 4.0761804
-0.0003871 4.0828775
-0.0002981 4.0900442
-0.0002240 4.0976808
-0.0001633 4.1057879
-0.0001147 4.1143658
-0.0000768 4.1234152
-0.0000484 4.1329365
-0.0000280 4.1429301
-0.0000143 4.1533965
-0.0000060 4.1643363
-0.0000018 4.1757498
-0.0000002 4.1876375
-0.0000000 4.2000000
