#Parameters Start: 0.011252 0.514011 0.675923 0.974793 0.0451067 0.78755 0.919188 1.37116 -0.283361 
#Parameters Lower: 0.0042 0.0042 0.0042 0.0042 -2 -2 -2 -2 -0.3 
#Parameters Upper: 1 1 1 1 2 2 2 2 2 
#Parameters: 0.011252 0.514011 0.675923 0.974793 0.0451067 0.78755 0.919188 1.37116 -0.283361 
#Solar power: 720
#Irradiance crystal: 807.297
#Irradiation efficiency: 1.12125
#Absorbed power: 127.98
#Absorbed power (var): 2.53071
#Absorption efficiency (total): 0.177751
#Absorption efficiency (irradiated): 0.158529
#asldMirrorZcoordinate -586.1333500
#asldLensZcoordinate -1301.6390000
-1371.1600000 974.7930000
-1369.8050441 973.8968004
-1368.4520046 973.0014197
-1367.1008759 972.1068550
-1365.7516524 971.2131034
-1364.4043287 970.3201621
-1363.0588989 969.4280283
-1361.7153577 968.5366989
-1360.3736994 967.6461713
-1359.0339184 966.7564425
-1357.6960091 965.8675096
-1356.3599659 964.9793698
-1355.0257833 964.0920202
-1353.6934556 963.2054580
-1352.3629773 962.3196802
-1351.0343429 961.4346841
-1349.7075466 960.5504667
-1348.3825829 959.6670251
-1347.0594462 958.7843566
-1345.7381310 957.9024582
-1344.4186317 957.0213272
-1343.1009426 956.1409605
-1341.7850582 955.2613553
-1340.4709729 954.3825089
-1339.1586811 953.5044182
-1337.8481772 952.6270805
-1336.5394556 951.7504929
-1335.2325108 950.8746525
-1333.9273372 949.9995564
-1332.6239291 949.1252018
-1331.3222810 948.2515859
-1330.0223874 947.3787056
-1328.7242425 946.5065583
-1327.4278408 945.6351409
-1326.1331768 944.7644507
-1324.8402449 943.8944848
-1323.5490394 943.0252402
-1322.2595547 942.1567142
-1320.9717854 941.2889039
-1319.6857258 940.4218064
-1318.4013703 939.5554189
-1317.1187133 938.6897384
-1315.8377493 937.8247621
-1314.5584726 936.9604872
-1313.2808777 936.0969107
-1312.0049590 935.2340299
-1310.7307109 934.3718418
-1309.4581277 933.5103435
-1308.1872041 932.6495323
-1306.9179342 931.7894052
-1305.6503126 930.9299594
-1304.3843336 930.0711920
-1303.1199918 929.2131001
-1301.8572814 928.3556809
-1300.5961969 927.4989315
-1299.3367327 926.6428490
-1298.0788833 925.7874307
-1296.8226430 924.9326735
-1295.5680063 924.0785746
-1294.3149675 923.2251313
-1293.0635211 922.3723405
-1291.8136615 921.5201995
-1290.5653831 920.6687053
-1289.3186803 919.8178552
-1288.0735476 918.9676462
-1286.8299793 918.1180755
-1285.5879699 917.2691401
-1284.3475137 916.4208373
-1283.1086053 915.5731642
-1281.8712389 914.7261179
-1280.6354090 913.8796955
-1279.4011101 913.0338942
-1278.1683365 912.1887111
-1276.9370826 911.3441433
-1275.7073430 910.5001880
-1274.4791119 909.6568423
-1273.2523837 908.8141033
-1272.0271530 907.9719682
-1270.8034142 907.1304341
-1269.5811615 906.2894981
-1268.3603895 905.4491574
-1267.1410925 904.6094091
-1265.9232650 903.7702504
-1264.7069014 902.9316783
-1263.4919961 902.0936900
-1262.2785435 901.2562827
-1261.0665381 900.4194534
-1259.8559741 899.5831993
-1258.6468461 898.7475175
-1257.4391485 897.9124052
-1256.2328757 897.0778596
-1255.0280220 896.2438776
-1253.8245819 895.4104565
-1252.6225499 894.5775934
-1251.4219203 893.7452855
-1250.2226875 892.9135298
-1249.0248460 892.0823235
-1247.8283901 891.2516637
-1246.6333143 890.4215477
-1245.4396131 889.5919724
-1244.2472807 888.7629350
-1243.0563117 887.9344327
-1241.8667003 887.1064626
-1240.6784412 886.2790218
-1239.4915286 885.4521075
-1238.3059569 884.6257168
-1237.1217207 883.7998469
-1235.9388142 882.9744948
-1234.7572320 882.1496576
-1233.5769684 881.3253327
-1232.3980178 880.5015169
-1231.2203747 879.6782076
-1230.0440334 878.8554018
-1228.8689884 878.0330967
-1227.6952341 877.2112894
-1226.5227650 876.3899770
-1225.3515753 875.5691566
-1224.1816596 874.7488255
-1223.0130122 873.9289807
-1221.8456276 873.1096193
-1220.6795001 872.2907386
-1219.5146242 871.4723355
-1218.3509943 870.6544074
-1217.1886049 869.8369512
-1216.0274502 869.0199641
-1214.8675248 868.2034434
-1213.7088230 867.3873860
-1212.5513393 866.5717891
-1211.3950681 865.7566499
-1210.2400038 864.9419655
-1209.0861408 864.1277330
-1207.9334734 863.3139496
-1206.7819963 862.5006124
-1205.6317036 861.6877185
-1204.4825899 860.8752650
-1203.3346496 860.0632492
-1202.1878771 859.2516680
-1201.0422667 858.4405188
-1199.8978130 857.6297985
-1198.7545102 856.8195044
-1197.6123530 856.0096335
-1196.4713355 855.2001830
-1195.3314523 854.3911500
-1194.1926978 853.5825317
-1193.0550664 852.7743252
-1191.9185525 851.9665276
-1190.7831505 851.1591360
-1189.6488548 850.3521477
-1188.5156599 849.5455597
-1187.3835601 848.7393691
-1186.2525499 847.9335731
-1185.1226236 847.1281689
-1183.9937758 846.3231535
-1182.8660007 845.5185241
-1181.7392929 844.7142778
-1180.6136467 843.9104118
-1179.4890565 843.1069231
-1178.3655168 842.3038090
-1177.2430220 841.5010665
-1176.1215665 840.6986929
-1175.0011446 839.8966851
-1173.8817509 839.0950404
-1172.7633797 838.2937559
-1171.6460254 837.4928287
-1170.5296825 836.6922560
-1169.4143453 835.8920349
-1168.3000083 835.0921624
-1167.1866659 834.2926359
-1166.0743125 833.4934523
-1164.9629426 832.6946088
-1163.8525504 831.8961026
-1162.7431305 831.0979308
-1161.6346773 830.3000905
-1160.5271851 829.5025789
-1159.4206484 828.7053930
-1158.3150616 827.9085301
-1157.2104191 827.1119872
-1156.1067153 826.3157615
-1155.0039446 825.5198501
-1153.9021015 824.7242502
-1152.8011804 823.9289588
-1151.7011756 823.1339732
-1150.6020817 822.3392904
-1149.5038929 821.5449077
-1148.4066037 820.7508220
-1147.3102086 819.9570306
-1146.2147019 819.1635305
-1145.1200780 818.3703190
-1144.0263315 817.5773932
-1142.9334566 816.7847501
-1141.8414477 815.9923869
-1140.7502994 815.2003008
-1139.6600061 814.4084889
-1138.5705620 813.6169482
-1137.4819617 812.8256761
-1136.3941995 812.0346695
-1135.3072700 811.2439256
-1134.2211674 810.4534416
-1133.1358862 809.6632146
-1132.0514208 808.8732417
-1130.9677656 808.0835200
-1129.8849151 807.2940467
-1128.8028636 806.5048189
-1127.7216056 805.7158338
-1126.6411354 804.9270885
-1125.5614476 804.1385800
-1124.4825364 803.3503057
-1123.4043964 802.5622625
-1122.3270219 801.7744476
-1121.2504073 800.9868582
-1120.1745471 800.1994913
-1119.0994357 799.4123442
-1118.0250675 798.6254139
-1116.9514368 797.8386975
-1115.8785381 797.0521923
-1114.8063659 796.2658954
-1113.7349145 795.4798038
-1112.6641784 794.6939147
-1111.5941519 793.9082253
-1110.5248295 793.1227327
-1109.4562055 792.3374340
-1108.3882745 791.5523263
-1107.3210308 790.7674068
-1106.2544688 789.9826726
-1105.1885830 789.1981208
-1104.1233677 788.4137487
-1103.0588173 787.6295532
-1101.9949264 786.8455316
-1100.9316892 786.0616810
-1099.8691003 785.2779984
-1098.8071539 784.4944812
-1097.7458446 783.7111263
-1096.6851668 782.9279309
-1095.6251148 782.1448921
-1094.5656831 781.3620071
-1093.5068660 780.5792731
-1092.4486581 779.7966871
-1091.3910536 779.0142462
-1090.3340471 778.2319477
-1089.2776329 777.4497886
-1088.2218055 776.6677661
-1087.1665593 775.8858773
-1086.1118886 775.1041193
-1085.0577879 774.3224893
-1084.0042516 773.5409844
-1082.9512741 772.7596018
-1081.8988499 771.9783385
-1080.8469733 771.1971918
-1079.7956387 770.4161587
-1078.7448406 769.6352363
-1077.6945734 768.8544219
-1076.6448315 768.0737125
-1075.5956093 767.2931053
-1074.5469013 766.5125973
-1073.4987017 765.7321859
-1072.4510051 764.9518680
-1071.4038059 764.1716408
-1070.3570985 763.3915014
-1069.3108772 762.6114470
-1068.2651365 761.8314748
-1067.2198709 761.0515817
-1066.1750746 760.2717651
-1065.1307422 759.4920219
-1064.0868681 758.7123494
-1063.0434466 757.9327446
-1062.0004723 757.1532048
-1060.9579394 756.3737270
-1059.9158424 755.5943083
-1058.8741757 754.8149460
-1057.8329338 754.0356371
-1056.7921110 753.2563788
-1055.7517017 752.4771682
-1054.7117005 751.6980024
-1053.6721016 750.9188786
-1052.6328995 750.1397939
-1051.5940886 749.3607454
-1050.5556634 748.5817303
-1049.5176182 747.8027457
-1048.4799474 747.0237887
-1047.4426455 746.2448565
-1046.4057069 745.4659462
-1045.3691260 744.6870550
-1044.3328971 743.9081799
-1043.2970148 743.1293181
-1042.2614734 742.3504668
-1041.2262674 741.5716230
-1040.1913911 740.7927839
-1039.1568390 740.0139467
-1038.1226055 739.2351084
-1037.0886849 738.4562662
-1036.0550718 737.6774173
-1035.0217605 736.8985587
-1033.9887454 736.1196876
-1032.9560210 735.3408012
-1031.9235817 734.5618965
-1030.8914218 733.7829707
-1029.8595358 733.0040210
-1028.8279181 732.2250444
-1027.7965631 731.4460381
-1026.7654652 730.6669993
-1025.7346189 729.8879250
-1024.7040185 729.1088124
-1023.6736585 728.3296587
-1022.6435333 727.5504609
-1021.6136373 726.7712162
-1020.5839649 725.9919218
-1019.5545105 725.2125747
-1018.5252685 724.4331721
-1017.4962334 723.6537111
-1016.4673995 722.8741889
-1015.4387613 722.0946026
-1014.4103132 721.3149494
-1013.3820496 720.5352263
-1012.3539649 719.7554305
-1011.3260535 718.9755591
-1010.2983099 718.1956093
-1009.2707284 717.4155782
-1008.2433035 716.6354629
-1007.2160295 715.8552606
-1006.1889010 715.0749684
-1005.1619122 714.2945834
-1004.1350577 713.5141027
-1003.1083318 712.7335236
-1002.0817289 711.9528431
-1001.0552435 711.1720583
-1000.0288700 710.3911665
-999.0026027 709.6101647
-997.9764362 708.8290500
-996.9503647 708.0478196
-995.9243828 707.2664707
-994.8984848 706.4850003
-993.8726651 705.7034056
-992.8469182 704.9216838
-991.8212385 704.1398319
-990.7956204 703.3578471
-989.7700583 702.5757265
-988.7445466 701.7934673
-987.7190797 701.0110666
-986.6936521 700.2285215
-985.6682581 699.4458291
-984.6428922 698.6629867
-983.6175487 697.8799913
-982.5922222 697.0968400
-981.5669069 696.3135300
-980.5415974 695.5300585
-979.5162880 694.7464225
-978.4909732 693.9626192
-977.4656473 693.1786457
-976.4403048 692.3944992
-975.4149400 691.6101768
-974.3895475 690.8256756
-973.3641216 690.0409928
-972.3386567 689.2561254
-971.3131472 688.4710707
-970.2875876 687.6858258
-969.2619723 686.9003877
-968.2362956 686.1147536
-967.2105521 685.3289207
-966.1847360 684.5428861
-965.1588418 683.7566469
-964.1328640 682.9702003
-963.1067969 682.1835434
-962.0806350 681.3966733
-961.0543727 680.6095871
-960.0280043 679.8222820
-959.0015243 679.0347552
-957.9749272 678.2470037
-956.9482072 677.4590247
-955.9213589 676.6708153
-954.8943766 675.8823727
-953.8672548 675.0936939
-952.8399879 674.3047762
-951.8125703 673.5156166
-950.7849963 672.7262124
-949.7572605 671.9365605
-948.7293572 671.1466582
-947.7012809 670.3565026
-946.6730259 669.5660908
-945.6445866 668.7754199
-944.6159576 667.9844872
-943.5871331 667.1932896
-942.5581077 666.4018245
-941.5288756 665.6100888
-940.4994314 664.8180797
-939.4697695 664.0257943
-938.4398842 663.2332299
-937.4097700 662.4403835
-936.3794212 661.6472522
-935.3488324 660.8538332
-934.3179979 660.0601236
-933.2869121 659.2661206
-932.2555694 658.4718213
-931.2239643 657.6772227
-930.1920911 656.8823222
-929.1599444 656.0871167
-928.1275184 655.2916034
-927.0948076 654.4957795
-926.0618064 653.6996421
-925.0285093 652.9031883
-923.9949106 652.1064152
-922.9610048 651.3093200
-921.9267862 650.5118998
-920.8922494 649.7141518
-919.8573886 648.9160731
-918.8221983 648.1176607
-917.7866730 647.3189120
-916.7508069 646.5198239
-915.7145947 645.7203936
-914.6780306 644.9206183
-913.6411090 644.1204950
-912.6038245 643.3200210
-911.5661714 642.5191933
-910.5281440 641.7180091
-909.4897369 640.9164655
-908.4509445 640.1145597
-907.4117611 639.3122887
-906.3721811 638.5096498
-905.3321991 637.7066400
-904.2918093 636.9032564
-903.2510063 636.0994963
-902.2097843 635.2953568
-901.1681379 634.4908349
-900.1260615 633.6859278
-899.0835494 632.8806327
-898.0405961 632.0749466
-896.9971959 631.2688668
-895.9533434 630.4623903
-894.9090329 629.6555143
-893.8642588 628.8482359
-892.8190155 628.0405522
-891.7732975 627.2324605
-890.7270991 626.4239577
-889.6804149 625.6150411
-888.6332391 624.8057077
-887.5855662 623.9959548
-886.5373906 623.1857794
-885.4887068 622.3751787
-884.4395091 621.5641498
-883.3897920 620.7526898
-882.3395498 619.9407960
-881.2887771 619.1284653
-880.2374681 618.3156949
-879.1856173 617.5024821
-878.1332192 616.6888238
-877.0802681 615.8747173
-876.0267584 615.0601597
-874.9726846 614.2451481
-873.9180411 613.4296796
-872.8628222 612.6137514
-871.8070225 611.7973606
-870.7506363 610.9805044
-869.6936580 610.1631798
-868.6360820 609.3453840
-867.5779028 608.5271142
-866.5191148 607.7083674
-865.4597124 606.8891409
-864.3996899 606.0694317
-863.3390419 605.2492370
-862.2777626 604.4285538
-861.2158466 603.6073794
-860.1532883 602.7857109
-859.0900820 601.9635454
-858.0262222 601.1408800
-856.9617033 600.3177119
-855.8965196 599.4940383
-854.8306657 598.6698561
-853.7641359 597.8451626
-852.6969247 597.0199549
-851.6290264 596.1942302
-850.5604354 595.3679855
-849.4911463 594.5412181
-848.4211533 593.7139250
-847.3504509 592.8861033
-846.2790336 592.0577503
-845.2068957 591.2288630
-844.1340316 590.3994385
-843.0604358 589.5694741
-841.9861026 588.7389668
-840.9110266 587.9079138
-839.8352020 587.0763121
-838.7586233 586.2441590
-837.6812850 585.4114516
-836.6031814 584.5781870
-835.5243070 583.7443623
-834.4446561 582.9099747
-833.3642232 582.0750213
-832.2830026 581.2394992
-831.2009889 580.4034056
-830.1181764 579.5667376
-829.0345595 578.7294924
-827.9501327 577.8916670
-826.8648903 577.0532586
-825.7788268 576.2142643
-824.6919366 575.3746813
-823.6042140 574.5345067
-822.5156536 573.6937376
-821.4262497 572.8523712
-820.3359967 572.0104046
-819.2448891 571.1678350
-818.1529212 570.3246594
-817.0600875 569.4808750
-815.9663824 568.6364789
-814.8718003 567.7914683
-813.7763356 566.9458403
-812.6799827 566.0995921
-811.5827361 565.2527207
-810.4845901 564.4052233
-809.3855392 563.5570970
-808.2855777 562.7083390
-807.1847002 561.8589464
-806.0829009 561.0089163
-804.9801744 560.1582459
-803.8765150 559.3069323
-802.7719171 558.4549727
-801.6663752 557.6023640
-800.5598837 556.7491036
-799.4524370 555.8951885
-798.3440294 555.0406159
-797.2346555 554.1853829
-796.1243096 553.3294866
-795.0129861 552.4729242
-793.9006795 551.6156927
-792.7873841 550.7577894
-791.6730944 549.8992114
-790.5578048 549.0399557
-789.4415097 548.1800196
-788.3242035 547.3194002
-787.2058807 546.4580945
-786.0865356 545.5960998
-784.9661626 544.7334131
-783.8447562 543.8700316
-782.7223108 543.0059525
-781.5988208 542.1411728
-780.4742806 541.2756897
-779.3486846 540.4095003
-778.2220273 539.5426018
-777.0943030 538.6749913
-775.9655061 537.8066659
-774.8356311 536.9376228
-773.7046725 536.0678591
-772.5726245 535.1973719
-771.4394816 534.3261583
-770.3052382 533.4542156
-769.1698888 532.5815408
-768.0334278 531.7081310
-766.8958495 530.8339834
-765.7571484 529.9590952
-764.6173188 529.0834634
-763.4763553 528.2070852
-762.3342522 527.3299577
-761.1910040 526.4520781
-760.0466049 525.5734435
-758.9010496 524.6940510
-757.7543323 523.8138978
-756.6064475 522.9329809
-755.4573896 522.0512976
-754.3071529 521.1688449
-753.1557321 520.2856201
-752.0031213 519.4016201
-750.8493151 518.5168422
-749.6943079 517.6312835
-748.5380940 516.7449411
-747.3806680 515.8578122
-746.2220241 514.9698939
-745.0621569 514.0811833
-743.9010606 513.1916775
-742.7387299 512.3013737
-741.5751589 511.4102691
-740.4103423 510.5183607
-739.2442743 509.6256457
-738.0769494 508.7321212
-736.9083620 507.8377844
-735.7385066 506.9426324
-734.5673775 506.0466623
-733.3949691 505.1498712
-732.2212759 504.2522563
-731.0462923 503.3538148
-729.8700126 502.4545437
-728.6924313 501.5544402
-727.5135429 500.6535014
-726.3333417 499.7517244
-725.1518221 498.8491065
-723.9689786 497.9456447
-722.7848055 497.0413361
-721.5992974 496.1361779
-720.4124485 495.2301672
-719.2242533 494.3233012
-718.0347062 493.4155770
-716.8438017 492.5069916
-715.6515341 491.5975424
-714.4578979 490.6872263
-713.2628874 489.7760405
-712.0664972 488.8639822
-710.8687215 487.9510485
-709.6695548 487.0372365
-708.4689916 486.1225434
-707.2670262 485.2069662
-706.0636530 484.2905021
-704.8588665 483.3731483
-703.6526611 482.4549019
-702.4450312 481.5357600
-701.2359712 480.6157197
-700.0254755 479.6947783
-698.8135385 478.7729327
-697.6001547 477.8501802
-696.3853184 476.9265179
-695.1690241 476.0019429
-693.9512661 475.0764523
-692.7320390 474.1500434
-691.5113371 473.2227131
-690.2891547 472.2944587
-689.0654865 471.3652773
-687.8403266 470.4351660
-686.6136697 469.5041219
-685.3855100 468.5721422
-684.1558420 467.6392240
-682.9246601 466.7053645
-681.6919587 465.7705608
-680.4577322 464.8348099
-679.2219751 463.8981092
-677.9846817 462.9604556
-676.7458465 462.0218463
-675.5054639 461.0822784
-674.2635282 460.1417492
-673.0200340 459.2002556
-671.7749756 458.2577949
-670.5283474 457.3143642
-669.2801439 456.3699606
-668.0303594 455.4245812
-666.7789884 454.4782232
-665.5260253 453.5308838
-664.2714644 452.5825599
-663.0153003 451.6332489
-661.7575273 450.6829477
-660.4981399 449.7316537
-659.2371324 448.7793637
-657.9744992 447.8260751
-656.7102348 446.8717850
-655.4443337 445.9164904
-654.1767901 444.9601885
-652.9075985 444.0028765
-651.6367534 443.0445514
-650.3642491 442.0852105
-649.0900801 441.1248508
-647.8142407 440.1634695
-646.5367255 439.2010636
-645.2575287 438.2376305
-643.9766448 437.2731671
-642.6940682 436.3076706
-641.4097934 435.3411381
-640.1238147 434.3735669
-638.8361266 433.4049539
-637.5467235 432.4352964
-636.2555997 431.4645915
-634.9627498 430.4928362
-633.6681680 429.5200278
-632.3718489 428.5461634
-631.0737869 427.5712401
-629.7739762 426.5952550
-628.4724115 425.6182053
-627.1690870 424.6400881
-625.8639972 423.6609006
-624.5571365 422.6806398
-623.2484994 421.6993029
-621.9380802 420.7168871
-620.6258733 419.7333894
-619.3118732 418.7488071
-617.9960742 417.7631372
-616.6784708 416.7763768
-615.3590575 415.7885232
-614.0378285 414.7995734
-612.7147784 413.8095246
-611.3899015 412.8183738
-610.0631922 411.8261184
-608.7346451 410.8327552
-607.4042543 409.8382816
-606.0720145 408.8426947
-604.7379200 407.8459915
-603.4019652 406.8481692
-602.0641445 405.8492249
-600.7244524 404.8491558
-599.3828833 403.8479591
-598.0394315 402.8456317
-596.6940914 401.8421709
-595.3468576 400.8375739
-593.9977244 399.8318376
-592.6466862 398.8249594
-591.2937374 397.8169362
-589.9388725 396.8077653
-588.5820859 395.7974437
-587.2233719 394.7859687
-585.8627250 393.7733372
-584.5001396 392.7595466
-583.1356101 391.7445938
-581.7691310 390.7284761
-580.4006966 389.7111906
-579.0303013 388.6927343
-577.6579396 387.6731045
-576.2836059 386.6522983
-574.9072946 385.6303127
-573.5290001 384.6071450
-572.1487168 383.5827923
-570.7664391 382.5572516
-569.3821615 381.5305202
-567.9958784 380.5025952
-566.6075841 379.4734736
-565.2172731 378.4431527
-563.8249398 377.4116296
-562.4305786 376.3789013
-561.0341839 375.3449651
-559.6357502 374.3098180
-558.2352718 373.2734573
-556.8327432 372.2358800
-555.4281588 371.1970832
-554.0215129 370.1570642
-552.6128001 369.1158199
-551.2020146 368.0733477
-549.7891510 367.0296445
-548.3742037 365.9847076
-546.9571670 364.9385340
-545.5380354 363.8911210
-544.1168032 362.8424655
-542.6934650 361.7925648
-541.2680150 360.7414161
-539.8404478 359.6890163
-538.4107577 358.6353627
-536.9789392 357.5804524
-535.5449866 356.5242826
-534.1088944 355.4668503
-532.6706569 354.4081527
-531.2302687 353.3481869
-529.7877241 352.2869501
-528.3430176 351.2244394
-526.8961434 350.1606519
-525.4470961 349.0955848
-523.9958701 348.0292351
-522.5424598 346.9616001
-521.0868595 345.8926769
-519.6290638 344.8224626
-518.1690670 343.7509542
-516.7068635 342.6781491
-515.2424478 341.6040442
-513.7758142 340.5286368
-512.3069572 339.4519239
-510.8358711 338.3739027
-509.3625505 337.2945704
-507.8869897 336.2139240
-506.4091831 335.1319607
-504.9291252 334.0486776
-503.4468103 332.9640719
-501.9622328 331.8781406
-500.4753873 330.7908810
-498.9862680 329.7022902
-497.4948694 328.6123652
-496.0011860 327.5211033
-494.5052120 326.4285015
-493.0069421 325.3345571
-491.5063704 324.2392670
-490.0034916 323.1426285
-488.4982999 322.0446387
-486.9907898 320.9452947
-485.4809558 319.8445937
-483.9687921 318.7425328
-482.4542933 317.6391091
-480.9374538 316.5343197
-479.4182679 315.4281618
-477.8967300 314.3206326
-476.3728347 313.2117291
-474.8465763 312.1014485
-473.3179491 310.9897880
-471.7869478 309.8767445
-470.2535665 308.7623154
-468.7177998 307.6464977
-467.1796421 306.5292886
-465.6390877 305.4106851
-464.0961312 304.2906845
-462.5507668 303.1692838
-461.0029891 302.0464802
-459.4527924 300.9222708
-457.9001711 299.7966528
-456.3451197 298.6696232
-454.7876326 297.5411793
-453.2277041 296.4113182
-451.6653288 295.2800369
-450.1005010 294.1473326
-448.5332151 293.0132025
-446.9634655 291.8776437
-445.3912467 290.7406533
-443.8165530 289.6022285
-442.2393790 288.4623663
-440.6597189 287.3210640
-439.0775672 286.1783186
-437.4929183 285.0341273
-435.9057667 283.8884872
-434.3161067 282.7413955
-432.7239328 281.5928493
-431.1292393 280.4428457
-429.5320207 279.2913818
-427.9322714 278.1384548
-426.3299859 276.9840618
-424.7251584 275.8282000
-423.1177835 274.6708665
-421.5078555 273.5120583
-419.8953689 272.3517728
-418.2803181 271.1900069
-416.6626974 270.0267578
-415.0425014 268.8620227
-413.4197243 267.6957987
-411.7943607 266.5280829
-410.1664050 265.3588724
-408.5358515 264.1881644
-406.9026946 263.0159560
-405.2669289 261.8422444
-403.6285486 260.6670267
-401.9875482 259.4902999
-400.3439222 258.3120614
-398.6976649 257.1323081
-397.0487707 255.9510372
-395.3972341 254.7682458
-393.7430495 253.5839312
-392.0862112 252.3980904
-390.4267138 251.2107205
-388.7645516 250.0218187
-387.0997189 248.8313821
-385.4322104 247.6394078
-383.7620202 246.4458930
-382.0891430 245.2508349
-380.4135730 244.0542305
-378.7353047 242.8560770
-377.0543325 241.6563714
-375.3706509 240.4551111
-373.6842541 239.2522930
-371.9951367 238.0479143
-370.3032931 236.8419722
-368.6087176 235.6344637
-366.9114048 234.4253861
-365.2113489 233.2147364
-363.5085444 232.0025117
-361.8029857 230.7887093
-360.0946673 229.5733263
-358.3835835 228.3563597
-356.6697288 227.1378067
-354.9530976 225.9176645
-353.2336842 224.6959301
-351.5114832 223.4726008
-349.7864889 222.2476736
-348.0586957 221.0211456
-346.3280980 219.7930141
-344.5946903 218.5632762
-342.8584669 217.3319289
-341.1194224 216.0989694
-339.3775510 214.8643948
-337.6328473 213.6282024
-335.8853055 212.3903891
-334.1349202 211.1509522
-332.3816858 209.9098887
-330.6255965 208.6671959
-328.8666470 207.4228708
-327.1048316 206.1769106
-325.3401446 204.9293124
-323.5725806 203.6800733
-321.8021339 202.4291905
-320.0287989 201.1766611
-318.2525701 199.9224823
-316.4734419 198.6666511
-314.6914086 197.4091648
-312.9064647 196.1500203
-311.1186046 194.8892150
-309.3278228 193.6267458
-307.5341135 192.3626100
-305.7374713 191.0968047
-303.9378906 189.8293270
-302.1353657 188.5601740
-300.3298912 187.2893429
-298.5214613 186.0168307
-296.7100705 184.7426348
-294.8957133 183.4667521
-293.0783839 182.1891798
-291.2580770 180.9099150
-289.4347868 179.6289549
-287.6085078 178.3462966
-285.7792343 177.0619373
-283.9469609 175.7758740
-282.1116819 174.4881040
-280.2733917 173.1986242
-278.4320847 171.9074320
-276.5877554 170.6145243
-274.7403982 169.3198984
-272.8900074 168.0235513
-271.0365776 166.7254803
-269.1801030 165.4256824
-267.3205782 164.1241547
-265.4579975 162.8208945
-263.5923553 161.5158988
-261.7236462 160.2091647
-259.8518643 158.9006895
-257.9770043 157.5904702
-256.0990605 156.2785040
-254.2180273 154.9647879
-252.3338991 153.6493192
-250.4466703 152.3320950
-248.5563354 151.0131124
-246.6628888 149.6923685
-244.7663248 148.3698605
-242.8666379 147.0455854
-240.9638226 145.7195405
-239.0578731 144.3917229
-237.1487840 143.0621297
-235.2365496 141.7307580
-233.3211644 140.3976050
-231.4026228 139.0626677
-229.4809191 137.7259435
-227.5560478 136.3874292
-225.6280034 135.0471222
-223.6967801 133.7050195
-221.7623725 132.3611183
-219.8247750 131.0154156
-217.8839819 129.6679087
-215.9399877 128.3185947
-213.9927868 126.9674707
-212.0423736 125.6145338
-210.0887425 124.2597811
-208.1318879 122.9032099
-206.1718042 121.5448172
-204.2084860 120.1846001
-202.2419275 118.8225559
-200.2721231 117.4586815
-198.2990674 116.0929743
-196.3227547 114.7254312
-194.3431793 113.3560495
-192.3603359 111.9848262
-190.3742186 110.6117585
-188.3848221 109.2368436
-186.3921406 107.8600785
-184.3961686 106.4814604
-182.3969005 105.1009865
-180.3943307 103.7186538
-178.3884536 102.3344595
-176.3792636 100.9484007
-174.3667553 99.5604746
-172.3509228 98.1706783
-170.3317608 96.7790089
-168.3092636 95.3854636
-166.2834255 93.9900394
-164.2542411 92.5927336
-162.2217047 91.1935433
-160.1858108 89.7924655
-158.1465537 88.3894975
-156.1039278 86.9846363
-154.0579277 85.5778792
-152.0085477 84.1692231
-149.9557821 82.7586653
-147.8996255 81.3462029
-145.8400723 79.9318331
-143.7771167 78.5155529
-141.7107534 77.0973595
-139.6409766 75.6772500
-137.5677808 74.2552215
-135.4911604 72.8312713
-133.4111098 71.4053964
-131.3276235 69.9775939
-129.2406958 68.5478611
-127.1503211 67.1161949
-125.0564939 65.6825926
-122.9592086 64.2470513
-120.8584596 62.8095682
-118.7542413 61.3701403
-116.6465481 59.9287647
-114.5353745 58.4854387
-112.4207148 57.0401594
-110.3025635 55.5929238
-108.1809149 54.1437292
-106.0557635 52.6925726
-103.9271037 51.2394512
-101.7949300 49.7843622
-99.6592366 48.3273026
-97.5200181 46.8682696
-95.3772689 45.4072603
-93.2309833 43.9442718
-91.0811558 42.4793014
-88.9277808 41.0123460
-86.7708526 39.5434030
-84.6103659 38.0724693
-82.4463148 36.5995421
-80.2786939 35.1246186
-78.1074975 33.6476959
-75.9327201 32.1687711
-73.7543561 30.6878413
-71.5723999 29.2049037
-69.3868459 27.7199555
-67.1976885 26.2329937
-65.0049222 24.7440155
-62.8085413 23.2530180
-60.6085403 21.7599984
-58.4049136 20.2649537
-56.1976555 18.7678812
-53.9867605 17.2687779
-51.7722231 15.7676410
-49.5540376 14.2644677
-47.3321984 12.7592549
-45.1067000 11.2520000
