#asldMirrorZcoordinate -1585
#asldLensZcoordinate 10
300.2396507 149.9375565
300.4795126 149.8750158
300.7195854 149.8123775
300.9598692 149.7496413
301.2003638 149.6868067
301.4410692 149.6238736
301.6819852 149.5608414
301.9231118 149.4977098
302.1644489 149.4344785
302.4059964 149.371147
302.6477542 149.3077151
302.8897222 149.2441823
303.1319003 149.1805483
303.3742885 149.1168127
303.6168866 149.0529752
303.8596945 148.9890354
304.1027122 148.9249928
304.3459395 148.8608473
304.5893763 148.7965983
304.8330226 148.7322455
305.0768783 148.6677886
305.3209431 148.6032272
305.5652171 148.5385608
305.8097001 148.4737893
306.0543921 148.4089121
306.2992928 148.3439289
306.5444023 148.2788393
306.7897203 148.2136431
307.0352468 148.1483397
307.2809817 148.0829289
307.5269249 148.0174102
307.7730761 147.9517833
308.0194354 147.8860478
308.2660026 147.8202034
308.5127776 147.7542497
308.7597603 147.6881863
309.0069505 147.6220129
309.2543481 147.555729
309.5019531 147.4893343
309.7497652 147.4228284
309.9977843 147.356211
310.2460104 147.2894817
310.4944433 147.2226401
310.7430828 147.1556858
310.9919289 147.0886185
311.2409814 147.0214378
311.4902401 146.9541433
311.739705 146.8867347
311.9893758 146.8192115
312.2392525 146.7515735
312.489335 146.6838202
312.739623 146.6159512
312.9901165 146.5479662
313.2408152 146.4798648
313.4917191 146.4116467
313.742828 146.3433114
313.9941418 146.2748586
314.2456603 146.2062879
314.4973833 146.1375989
314.7493108 146.0687913
315.0014425 145.9998647
315.2537783 145.9308187
315.5063181 145.8616529
315.7590616 145.7923669
316.0120088 145.7229605
316.2651595 145.6534331
316.5185134 145.5837844
316.7720705 145.5140141
317.0258307 145.4441218
317.2797936 145.374107
317.5339592 145.3039695
317.7883272 145.2337088
318.0428976 145.1633245
318.2976702 145.0928163
318.5526447 145.0221838
318.807821 144.9514267
319.0631989 144.8805445
319.3187783 144.8095368
319.574559 144.7384033
319.8305407 144.6671436
320.0867234 144.5957573
320.3431067 144.5242441
320.5996906 144.4526035
320.8564749 144.3808352
321.1134593 144.3089388
321.3706438 144.236914
321.628028 144.1647602
321.8856117 144.0924772
322.1433949 144.0200646
322.4013773 143.947522
322.6595587 143.874849
322.9179389 143.8020452
323.1765177 143.7291102
323.435295 143.6560437
323.6942704 143.5828453
323.9534438 143.5095146
324.212815 143.4360512
324.4723838 143.3624547
324.73215 143.2887247
324.9921133 143.2148609
325.2522735 143.1408629
325.5126305 143.0667303
325.773184 142.9924627
326.0339338 142.9180597
326.2948797 142.843521
326.5560215 142.7688461
326.8173588 142.6940346
327.0788916 142.6190863
327.3406195 142.5440006
327.6025424 142.4687773
327.86466 142.3934158
328.1269721 142.3179159
328.3894784 142.2422772
328.6521787 142.1664992
328.9150729 142.0905816
329.1781605 142.014524
329.4414415 141.938326
329.7049155 141.8619872
329.9685823 141.7855072
330.2324417 141.7088856
330.4964933 141.6321222
330.7607371 141.5552163
331.0251726 141.4781678
331.2897997 141.4009761
331.5546181 141.3236409
331.8196276 141.2461619
332.0848278 141.1685385
332.3502186 141.0907705
332.6157996 141.0128574
332.8815706 140.9347989
333.1475313 140.8565945
333.4136814 140.7782439
333.6800208 140.6997466
333.946549 140.6211024
334.2132659 140.5423107
334.4801712 140.4633713
334.7472645 140.3842836
335.0145456 140.3050474
335.2820143 140.2256623
335.5496701 140.1461277
335.8175129 140.0664434
336.0855424 139.986609
336.3537582 139.906624
336.6221601 139.8264881
336.8907478 139.7462009
337.159521 139.665762
337.4284793 139.5851709
337.6976225 139.5044274
337.9669503 139.423531
338.2364623 139.3424813
338.5061583 139.2612779
338.776038 139.1799204
339.046101 139.0984085
339.3163471 139.0167417
339.5867758 138.9349196
339.8573869 138.8529419
340.1281802 138.7708082
340.3991551 138.688518
340.6703115 138.606071
340.941649 138.5234667
341.2131673 138.4407049
341.484866 138.357785
341.7567448 138.2747067
342.0288034 138.1914696
342.3010415 138.1080733
342.5734586 138.0245174
342.8460545 137.9408015
343.1188288 137.8569252
343.3917811 137.7728881
343.6649112 137.6886898
343.9382186 137.60433
344.2117031 137.5198081
344.4853642 137.4351239
344.7592016 137.3502769
345.033215 137.2652668
345.3074039 137.1800931
345.5817681 137.0947554
345.8563071 137.0092534
346.1310206 136.9235866
346.4059081 136.8377546
346.6809694 136.7517571
346.9562041 136.6655937
347.2316118 136.5792639
347.507192 136.4927673
347.7829445 136.4061036
348.0588687 136.3192724
348.3349645 136.2322732
348.6112312 136.1451057
348.8876687 136.0577694
349.1642764 135.970264
349.4410539 135.8825891
349.7180009 135.7947442
349.995117 135.706729
350.2724018 135.6185431
350.5498547 135.530186
350.8274755 135.4416574
351.1052638 135.3529569
351.383219 135.264084
351.6613409 135.1750384
351.9396289 135.0858196
352.2180826 134.9964274
352.4967017 134.9068612
352.7754857 134.8171206
353.0544341 134.7272054
353.3335466 134.637115
353.6128227 134.5468491
353.8922619 134.4564072
354.1718638 134.365789
354.4516281 134.2749941
354.7315541 134.184022
355.0116415 134.0928725
355.2918899 134.0015449
355.5722987 133.9100391
355.8528675 133.8183545
356.1335959 133.7264908
356.4144834 133.6344475
356.6955295 133.5422243
356.9767338 133.4498208
357.2580957 133.3572365
357.5396149 133.2644711
357.8212908 133.1715241
358.103123 133.0783952
358.385111 132.9850839
358.6672542 132.89159
358.9495523 132.7979128
359.2320047 132.7040521
359.514611 132.6100075
359.7973705 132.5157785
360.0802829 132.4213648
360.3633477 132.3267659
360.6465642 132.2319815
360.9299321 132.1370111
361.2134508 132.0418543
361.4971198 131.9465108
361.7809386 131.8509802
362.0649067 131.7552619
362.3490235 131.6593558
362.6332886 131.5632612
362.9177013 131.4669779
363.2022612 131.3705054
363.4869678 131.2738434
363.7718204 131.1769914
364.0568186 131.079949
364.3419618 130.9827159
364.6272495 130.8852916
364.9126812 130.7876757
365.1982562 130.6898678
365.483974 130.5918676
365.7698341 130.4936746
366.0558359 130.3952885
366.3419788 130.2967087
366.6282623 130.197935
366.9146858 130.0989669
367.2012488 129.999804
367.4879506 129.9004459
367.7747907 129.8008923
368.0617685 129.7011427
368.3488834 129.6011967
368.6361348 129.5010539
368.9235222 129.4007139
369.2110449 129.3001764
369.4987024 129.1994409
369.786494 129.098507
370.0744192 128.9973743
370.3624772 128.8960424
370.6506677 128.794511
370.9389898 128.6927795
371.227443 128.5908477
371.5160267 128.4887152
371.8047402 128.3863814
372.093583 128.283846
372.3825544 128.1811087
372.6716537 128.078169
372.9608803 127.9750266
373.2502337 127.8716809
373.5397131 127.7681317
373.8293178 127.6643785
374.1190474 127.560421
374.408901 127.4562586
374.6988781 127.3518911
374.9889779 127.2473181
375.2791999 127.1425391
375.5695433 127.0375537
375.8600074 126.9323616
376.1505917 126.8269623
376.4412955 126.7213555
376.7321179 126.6155407
377.0230585 126.5095176
377.3141164 126.4032857
377.605291 126.2968447
377.8965815 126.1901942
378.1879874 126.0833338
378.4795079 125.976263
378.7711422 125.8689815
379.0628898 125.7614889
379.3547498 125.6537848
379.6467215 125.5458687
379.9388043 125.4377404
380.2309974 125.3293994
380.5233001 125.2208453
380.8157116 125.1120777
381.1082313 125.0030963
381.4008583 124.8939005
381.693592 124.7844902
381.9864316 124.6748647
382.2793763 124.5650238
382.5724254 124.4549671
382.8655782 124.3446941
383.1588338 124.2342046
383.4521916 124.123498
383.7456507 124.012574
384.0392104 123.9014322
384.3328699 123.7900722
384.6266284 123.6784936
384.9204852 123.5666961
385.2144394 123.4546792
385.5084903 123.3424425
385.8026371 123.2299858
386.0968789 123.1173085
386.3912151 123.0044103
386.6856447 122.8912907
386.980167 122.7779495
387.2747811 122.6643862
387.5694862 122.5506005
387.8642816 122.4365919
388.1591664 122.3223601
388.4541397 122.2079046
388.7492008 122.0932251
389.0443488 121.9783213
389.3395828 121.8631926
389.634902 121.7478388
389.9303056 121.6322595
390.2257927 121.5164542
390.5213624 121.4004226
390.817014 121.2841643
391.1127464 121.1676789
391.408559 121.0509661
391.7044507 120.9340254
392.0004207 120.8168565
392.2964682 120.699459
392.5925922 120.5818325
392.8887919 120.4639766
393.1850663 120.345891
393.4814147 120.2275753
393.7778359 120.109029
394.0743293 119.9902519
394.3708938 119.8712435
394.6675285 119.7520035
394.9642326 119.6325315
395.261005 119.512827
395.557845 119.3928899
395.8547514 119.2727195
396.1517235 119.1523157
396.4487603 119.031678
396.7458608 118.910806
397.043024 118.7896994
397.3402491 118.6683577
397.6375351 118.5467807
397.934881 118.424968
398.2322858 118.3029191
398.5297486 118.1806337
398.8272684 118.0581115
399.1248442 117.935352
399.4224751 117.812355
399.7201601 117.68912
400.0178981 117.5656466
400.3156881 117.4419345
400.6135293 117.3179834
400.9114205 117.1937929
401.2093608 117.0693625
401.5073491 116.944692
401.8053845 116.819781
402.1034659 116.694629
402.4015922 116.5692358
402.6997625 116.443601
402.9979757 116.3177243
403.2962308 116.1916052
403.5945268 116.0652434
403.8928625 115.9386385
404.1912369 115.8117903
404.489649 115.6846983
404.7880977 115.5573621
405.086582 115.4297815
405.3851007 115.301956
405.6836528 115.1738854
405.9822372 115.0455692
406.2808528 114.9170071
406.5794986 114.7881987
406.8781734 114.6591438
407.1768762 114.5298419
407.4756058 114.4002927
407.7743611 114.2704958
408.073141 114.1404509
408.3719444 114.0101577
408.6707702 113.8796158
408.9696172 113.7488248
409.2684843 113.6177845
409.5673704 113.4864944
409.8662744 113.3549543
410.1651949 113.2231637
410.4641311 113.0911223
410.7630816 112.9588299
411.0620453 112.826286
411.361021 112.6934903
411.6600076 112.5604425
411.9590039 112.4271423
412.2580087 112.2935892
412.5570209 112.1597831
412.8560391 112.0257234
413.1550623 111.89141
413.4540893 111.7568424
413.7531187 111.6220203
414.0521495 111.4869435
414.3511804 111.3516115
414.6502102 111.216024
414.9492376 111.0801808
415.2482615 110.9440815
415.5472805 110.8077257
415.8462935 110.6711131
416.1452992 110.5342435
416.4442964 110.3971164
416.7432837 110.2597316
417.04226 110.1220888
417.3412239 109.9841875
417.6401743 109.8460276
417.9391097 109.7076086
418.238029 109.5689304
418.5369309 109.4299924
418.835814 109.2907945
419.1346771 109.1513364
419.4335188 109.0116176
419.7323379 108.8716379
420.031133 108.731397
420.3299029 108.5908946
420.6286461 108.4501303
420.9273615 108.309104
421.2260475 108.1678151
421.524703 108.0262635
421.8233265 107.8844489
422.1219167 107.7423709
422.4204723 107.6000292
422.7189919 107.4574236
423.0174741 107.3145537
423.3159175 107.1714193
423.6143208 107.02802
423.9126827 106.8843555
424.2110016 106.7404257
424.5092763 106.59623
424.8075053 106.4517684
425.1056872 106.3070404
425.4038207 106.1620458
425.7019042 106.0167844
425.9999364 105.8712557
426.2979159 105.7254596
426.5958412 105.5793957
426.8937109 105.4330638
427.1915236 105.2864636
427.4892778 105.1395948
427.786972 104.9924571
428.0846048 104.8450503
428.3821748 104.697374
428.6796804 104.549428
428.9771203 104.4012121
429.2744928 104.2527259
429.5717966 104.1039692
429.8690301 103.9549418
430.1661919 103.8056432
430.4632805 103.6560734
430.7602942 103.5062319
431.0572317 103.3561187
431.3540914 103.2057333
431.6508719 103.0550756
431.9475714 102.9041452
432.2441886 102.7529419
432.5407219 102.6014656
432.8371697 102.4497158
433.1335305 102.2976924
433.4298027 102.1453951
433.7259848 101.9928236
434.0220752 101.8399778
434.3180724 101.6868573
434.6139746 101.533462
434.9097805 101.3797915
435.2054882 101.2258457
435.5010964 101.0716242
435.7966034 100.9171269
436.0920074 100.7623536
436.3873071 100.6073039
436.6825007 100.4519777
436.9775865 100.2963747
437.2725631 100.1404947
437.5674286 99.98433747
437.8621816 99.82790278
438.1568203 99.67119041
438.451343 99.51420013
438.7457482 99.35693172
439.0400342 99.19938497
439.3341992 99.04155966
439.6282417 98.88345556
439.9221598 98.72507248
440.215952 98.56641019
440.5096166 98.40746849
440.8031517 98.24824716
441.0965558 98.088746
441.3898271 97.92896482
441.6829639 97.76890339
441.9759645 97.60856153
442.2688271 97.44793904
442.56155 97.28703571
442.8541315 97.12585135
443.1465698 96.96438577
443.4388631 96.80263879
443.7310097 96.6406102
444.0230078 96.47829982
444.3148557 96.31570747
444.6065516 96.15283296
444.8980936 95.98967612
445.1894801 95.82623676
445.4807091 95.6625147
445.771779 95.49850978
446.0626878 95.33422181
446.3534338 95.16965063
446.6440152 95.00479606
446.9344301 94.83965795
447.2246766 94.67423612
447.5147531 94.50853042
447.8046575 94.34254068
448.0943881 94.17626674
448.383943 94.00970846
448.6733203 93.84286566
448.9625182 93.67573821
449.2515348 93.50832595
449.5403681 93.34062874
449.8290164 93.17264642
450.1174778 93.00437886
450.4057502 92.83582592
450.6938319 92.66698746
450.9817209 92.49786334
451.2694152 92.32845342
451.5569131 92.15875758
451.8442124 91.98877568
452.1313114 91.81850761
452.418208 91.64795323
452.7049003 91.47711242
452.9913864 91.30598506
453.2776642 91.13457104
453.5637319 90.96287024
453.8495874 90.79088254
454.1352287 90.61860784
454.420654 90.44604602
454.7058611 90.27319699
454.9908481 90.10006064
455.275613 89.92663686
455.5601538 89.75292557
455.8444684 89.57892666
456.1285548 89.40464004
456.4124111 89.23006562
456.6960351 89.05520332
456.9794248 88.88005304
457.2625782 88.7046147
457.5454932 88.52888823
457.8281678 88.35287355
458.1105998 88.17657057
458.3927873 87.99997924
458.6747281 87.82309947
458.9564202 87.6459312
459.2378614 87.46847437
459.5190497 87.29072891
459.7999829 87.11269477
460.080659 86.93437188
460.3610758 86.7557602
460.6412311 86.57685968
460.921123 86.39767025
461.2007492 86.21819189
461.4801076 86.03842454
461.7591961 85.85836817
462.0380124 85.67802273
462.3165545 85.49738821
462.5948201 85.31646455
462.8728071 85.13525174
463.1505133 84.95374974
463.4279366 84.77195854
463.7050747 84.58987812
463.9819254 84.40750845
464.2584865 84.22484952
464.5347559 84.04190133
464.8107312 83.85866386
465.0864103 83.6751371
465.361791 83.49132106
465.636871 83.30721574
465.911648 83.12282114
466.1861199 82.93813726
466.4602843 82.75316411
466.734139 82.56790172
467.0076818 82.38235008
467.2809103 82.19650923
467.5538223 82.01037918
467.8264155 81.82395996
468.0986875 81.6372516
468.3706362 81.45025412
468.6422592 81.26296757
468.9135542 81.07539197
469.1845188 80.88752738
469.4551508 80.69937383
469.7254477 80.51093136
469.9954074 80.32220004
470.2650274 80.13317992
470.5343054 79.94387105
470.803239 79.75427348
471.0718258 79.5643873
471.3400636 79.37421255
471.6079499 79.18374932
471.8754824 78.99299767
472.1426586 78.80195768
472.4094761 78.61062943
472.6759327 78.41901301
472.9420258 78.2271085
473.2077531 78.03491599
473.4731121 77.84243558
473.7381004 77.64966736
474.0027156 77.45661143
474.2669553 77.2632679
474.530817 77.06963688
474.7942982 76.87571847
475.0573965 76.68151279
475.3201095 76.48701996
475.5824347 76.2922401
475.8443696 76.09717333
476.1059117 75.90181979
476.3670585 75.7061796
476.6278077 75.51025291
476.8881565 75.31403984
477.1481027 75.11754056
477.4076435 74.92075519
477.6667767 74.72368389
477.9254995 74.52632683
478.1838095 74.32868414
478.4417042 74.13075601
478.699181 73.93254258
478.9562373 73.73404403
479.2128707 73.53526054
479.4690785 73.33619228
479.7248583 73.13683943
479.9802073 72.93720217
480.2351232 72.7372807
480.4896032 72.5370752
480.7436448 72.33658588
480.9972454 72.13581292
481.2504024 71.93475654
481.5031132 71.73341694
481.7553752 71.53179434
482.0071857 71.32988894
482.2585422 71.12770097
482.509442 70.92523066
482.7598826 70.72247822
483.0098611 70.51944389
483.2593751 70.31612791
483.5084218 70.11253051
483.7569987 69.90865195
484.0051029 69.70449245
484.252732 69.50005229
484.4998831 69.29533171
484.7465537 69.09033097
484.992741 68.88505034
485.2384423 68.67949009
485.483655 68.47365048
485.7283764 68.26753179
485.9726036 68.06113431
486.2163342 67.85445832
486.4595652 67.64750411
486.702294 67.44027197
486.9445179 67.2327622
487.1862341 67.02497511
487.4274399 66.81691098
487.6681325 66.60857015
487.9083092 66.39995292
488.1479673 66.19105961
488.3871039 65.98189055
488.6257163 65.77244606
488.8638018 65.56272647
489.1013575 65.35273213
489.3383807 65.14246337
489.5748686 64.93192054
489.8108184 64.72110398
490.0462273 64.51001406
490.2810925 64.29865114
490.5154112 64.08701556
490.7491805 63.87510771
490.9823977 63.66292796
491.21506 63.45047668
491.4471644 63.23775425
491.6787083 63.02476106
491.9096886 62.8114975
492.1401027 62.59796397
492.3699476 62.38416087
492.5992205 62.17008859
492.8279185 61.95574756
493.0560388 61.74113817
493.2835785 61.52626086
493.5105347 61.31111605
493.7369046 61.09570416
493.9626853 60.88002563
494.1878739 60.66408089
494.4124674 60.44787038
494.6364631 60.23139456
494.859858 60.01465388
495.0826492 59.79764878
495.3048338 59.58037974
495.5264088 59.36284722
495.7473715 59.14505168
495.9677188 58.92699362
496.1874478 58.7086735
496.4065556 58.49009181
496.6250393 58.27124905
496.8428959 58.0521457
497.0601224 57.83278228
497.2767161 57.61315928
497.4926738 57.39327722
497.7079926 57.17313661
497.9226696 56.95273797
498.1367019 56.73208183
498.3500864 56.51116871
498.5628201 56.28999916
498.7749002 56.06857372
498.9863236 55.84689292
499.1970874 55.62495733
499.4071886 55.40276749
499.6166241 55.18032397
499.8253911 54.95762734
500.0334864 54.73467816
500.2409072 54.51147701
500.4476504 54.28802448
500.6537129 54.06432115
500.8590919 53.84036761
501.0637843 53.61616446
501.267787 53.3917123
501.4710972 53.16701175
501.6737116 52.94206341
501.8756274 52.7168679
502.0768415 52.49142585
502.2773509 52.26573788
502.4771526 52.03980463
502.6762434 51.81362674
502.8746205 51.58720485
503.0722807 51.36053962
503.269221 51.1336317
503.4654384 50.90648175
503.6609298 50.67909044
503.8556922 50.45145844
504.0497225 50.22358642
504.2430178 49.99547507
504.4355749 49.76712508
504.6273907 49.53853715
504.8184623 49.30971196
505.0087866 49.08065023
505.1983605 48.85135266
505.387181 48.62181998
505.575245 48.39205289
505.7625494 48.16205214
505.9490912 47.93181845
506.1348673 47.70135255
506.3198746 47.4706552
506.5041102 47.23972714
506.6875709 47.00856913
506.8702536 46.77718192
507.0521553 46.54556629
507.2332729 46.31372299
507.4136034 46.08165282
507.5931436 45.84935655
507.7718906 45.61683498
507.9498412 45.38408888
508.1269924 45.15111908
508.3033411 44.91792636
508.4788842 44.68451155
508.6536186 44.45087545
508.8275414 44.21701889
509.0006494 43.98294271
509.1729396 43.74864772
509.3444088 43.51413478
509.5150541 43.27940473
509.6848723 43.04445842
509.8538605 42.8092967
510.0220154 42.57392044
510.1893342 42.33833051
510.3558136 42.10252778
510.5214508 41.86651314
510.6862425 41.63028746
510.8501857 41.39385164
511.0132775 41.15720658
511.1755147 40.92035318
511.3368943 40.68329235
511.4974132 40.446025
511.6570685 40.20855206
511.815857 39.97087446
511.9737757 39.73299312
512.1308217 39.49490898
512.2869918 39.25662299
512.442283 39.0181361
512.5966923 38.77944926
512.7502167 38.54056344
512.9028532 38.30147961
513.0545987 38.06219873
513.2054503 37.82272179
513.3554049 37.58304978
513.5044596 37.34318368
513.6526113 37.10312449
513.799857 36.86287322
513.9461938 36.62243087
514.0916187 36.38179846
514.2361287 36.14097701
514.3797209 35.89996755
514.5223921 35.65877111
514.6641396 35.41738873
514.8049604 35.17582145
514.9448514 34.93407032
515.0838099 34.69213641
515.2218327 34.45002076
515.358917 34.20772446
515.49506 33.96524857
515.6302585 33.72259418
515.7645099 33.47976236
515.8978111 33.23675422
516.0301593 32.99357085
516.1615515 32.75021335
516.291985 32.50668283
516.4214567 32.26298041
516.549964 32.01910721
516.6775039 31.77506435
516.8040736 31.53085297
516.9296702 31.28647421
517.054291 31.04192921
517.1779331 30.79721912
517.3005937 30.5523451
517.42227 30.30730831
517.5429593 30.06210992
517.6626588 29.81675109
517.7813656 29.57123302
517.8990771 29.32555688
518.0157906 29.07972386
518.1315032 28.83373517
518.2462123 28.587592
518.3599151 28.34129557
518.4726091 28.09484708
518.5842914 27.84824775
518.6949595 27.60149881
518.8046107 27.3546015
518.9132423 27.10755704
519.0208517 26.86036668
519.1274363 26.61303166
519.2329935 26.36555324
519.3375207 26.11793268
519.4410154 25.87017124
519.543475 25.6222702
519.6448969 25.37423082
519.7452786 25.12605438
519.8446177 24.87774218
519.9429116 24.6292955
520.0401578 24.38071565
520.1363539 24.13200391
520.2314975 23.88316161
520.3255861 23.63419005
520.4186173 23.38509055
520.5105887 23.13586444
520.6014979 22.88651305
520.6913426 22.6370377
520.7801205 22.38743973
520.8678292 22.1377205
520.9544664 21.88788135
521.0400298 21.63792364
521.1245173 21.38784872
521.2079265 21.13765796
521.2902552 20.88735273
521.3715012 20.6369344
521.4516623 20.38640436
521.5307365 20.13576398
521.6087214 19.88501466
521.6856151 19.63415779
521.7614154 19.38319476
521.8361203 19.13212699
521.9097277 18.88095588
521.9822355 18.62968285
522.0536419 18.3783093
522.1239447 18.12683666
522.193142 17.87526637
522.261232 17.62359984
522.3282126 17.37183852
522.394082 17.11998384
522.4588384 16.86803724
522.5224799 16.61600019
522.5850047 16.36387412
522.6464109 16.1116605
522.706697 15.85936078
522.765861 15.60697643
522.8239013 15.35450892
522.8808163 15.10195972
522.9366043 14.84933032
522.9912636 14.59662217
523.0447926 14.34383679
523.0971898 14.09097564
523.1484537 13.83804022
523.1985826 13.58503203
523.2475752 13.33195257
523.29543 13.07880333
523.3421454 12.82558583
523.3877203 12.57230157
523.4321531 12.31895207
523.4754425 12.06553884
523.5175872 11.81206339
523.558586 11.55852726
523.5984376 11.30493197
523.6371407 11.05127903
523.6746941 10.79757
523.7110968 10.54380639
523.7463476 10.28998975
523.7804453 10.03612161
523.813389 9.782203513
523.8451776 9.52823701
523.87581 9.274223644
523.9052853 9.020164963
523.9336027 8.766062521
523.960761 8.511917869
523.9867596 8.257732566
524.0115976 8.003508168
524.0352741 7.749246236
524.0577883 7.494948332
524.0791396 7.240616021
524.0993273 6.986250868
524.1183506 6.73185444
524.1362089 6.477428308
524.1529016 6.222974042
524.1684281 5.968493214
524.182788 5.713987398
524.1959806 5.459458171
524.2080056 5.204907107
524.2188624 4.950335786
524.2285507 4.695745784
524.2370702 4.441138684
524.2444204 4.186516065
