#Parameters Start: 0.011252 0.514011 0.675923 0.974793 0.0451067 0.78755 0.919188 1.37116 -0.283361 
#Parameters Lower: 0.0042 0.0042 0.0042 0.0042 -2 -2 -2 -2 -0.3 
#Parameters Upper: 1 1 1 1 2 2 2 2 2 
#Parameters: 0.00420029 0.251026 0.51036 0.778925 0.0306715 0.853278 1.201 1.46555 -0.299994 
#Solar power: 720
#Irradiance crystal: 1193.11
#Irradiation efficiency: 1.65709
#Absorbed power: 186.759
#Absorbed power (var): 2.49616
#Absorption efficiency (total): 0.259387
#Absorption efficiency (irradiated): 0.156532
#asldMirrorZcoordinate -626.1116558
#asldLensZcoordinate -1285.0060924
-1465.5517877 778.9249046
-1464.7578803 778.1192387
-1463.9634715 777.3136281
-1463.1685590 776.5080730
-1462.3731405 775.7025733
-1461.5772135 774.8971291
-1460.7807758 774.0917404
-1459.9838249 773.2864071
-1459.1863586 772.4811294
-1458.3883745 771.6759072
-1457.5898702 770.8707406
-1456.7908433 770.0656295
-1455.9912917 769.2605741
-1455.1912127 768.4555742
-1454.3906043 767.6506300
-1453.5894639 766.8457414
-1452.7877892 766.0409086
-1451.9855779 765.2361314
-1451.1828277 764.4314099
-1450.3795361 763.6267442
-1449.5757009 762.8221342
-1448.7713196 762.0175799
-1447.9663900 761.2130815
-1447.1609096 760.4086389
-1446.3548762 759.6042521
-1445.5482873 758.7999212
-1444.7411407 757.9956461
-1443.9334340 757.1914270
-1443.1251648 756.3872637
-1442.3163307 755.5831564
-1441.5069295 754.7791050
-1440.6969588 753.9751096
-1439.8864162 753.1711702
-1439.0752993 752.3672868
-1438.2636059 751.5634594
-1437.4513336 750.7596880
-1436.6384800 749.9559728
-1435.8250428 749.1523136
-1435.0110195 748.3487105
-1434.1964080 747.5451636
-1433.3812058 746.7416728
-1432.5654106 745.9382381
-1431.7490200 745.1348597
-1430.9320316 744.3315374
-1430.1144432 743.5282714
-1429.2962524 742.7250617
-1428.4774567 741.9219082
-1427.6580540 741.1188109
-1426.8380418 740.3157700
-1426.0174177 739.5127854
-1425.1961795 738.7098572
-1424.3743247 737.9069853
-1423.5518511 737.1041698
-1422.7287562 736.3014107
-1421.9050377 735.4987080
-1421.0806933 734.6960617
-1420.2557207 733.8934720
-1419.4301174 733.0909387
-1418.6038811 732.2884619
-1417.7770095 731.4860416
-1416.9495002 730.6836778
-1416.1213509 729.8813707
-1415.2925592 729.0791201
-1414.4631227 728.2769261
-1413.6330392 727.4747887
-1412.8023062 726.6727079
-1411.9709215 725.8706839
-1411.1388826 725.0687164
-1410.3061873 724.2668057
-1409.4728331 723.4649517
-1408.6388177 722.6631545
-1407.8041388 721.8614140
-1406.9687940 721.0597303
-1406.1327809 720.2581033
-1405.2960973 719.4565332
-1404.4587408 718.6550200
-1403.6207089 717.8535635
-1402.7819994 717.0521640
-1401.9426100 716.2508213
-1401.1025382 715.4495356
-1400.2617817 714.6483068
-1399.4203382 713.8471349
-1398.5782052 713.0460201
-1397.7353806 712.2449622
-1396.8918618 711.4439613
-1396.0476466 710.6430174
-1395.2027327 709.8421307
-1394.3571176 709.0413009
-1393.5107989 708.2405283
-1392.6637745 707.4398128
-1391.8160419 706.6391544
-1390.9675987 705.8385532
-1390.1184426 705.0380091
-1389.2685713 704.2375222
-1388.4179824 703.4370925
-1387.5666736 702.6367201
-1386.7146424 701.8364049
-1385.8618866 701.0361470
-1385.0084039 700.2359464
-1384.1541918 699.4358030
-1383.2992479 698.6357170
-1382.4435701 697.8356884
-1381.5871558 697.0357171
-1380.7300028 696.2358032
-1379.8721088 695.4359467
-1379.0134712 694.6361476
-1378.1540879 693.8364060
-1377.2939564 693.0367218
-1376.4330745 692.2370951
-1375.5714396 691.4375260
-1374.7090496 690.6380143
-1373.8459021 689.8385602
-1372.9819946 689.0391637
-1372.1173249 688.2398247
-1371.2518906 687.4405434
-1370.3856894 686.6413196
-1369.5187188 685.8421535
-1368.6509766 685.0430451
-1367.7824604 684.2439943
-1366.9131679 683.4450013
-1366.0430966 682.6460660
-1365.1722443 681.8471884
-1364.3006086 681.0483685
-1363.4281872 680.2496065
-1362.5549776 679.4509022
-1361.6809776 678.6522558
-1360.8061849 677.8536672
-1359.9305969 677.0551365
-1359.0542115 676.2566636
-1358.1770261 675.4582487
-1357.2990386 674.6598916
-1356.4202466 673.8615925
-1355.5406476 673.0633514
-1354.6602394 672.2651682
-1353.7790196 671.4670430
-1352.8969858 670.6689759
-1352.0141357 669.8709668
-1351.1304670 669.0730157
-1350.2459773 668.2751227
-1349.3606642 667.4772878
-1348.4745254 666.6795110
-1347.5875585 665.8817924
-1346.6997613 665.0841319
-1345.8111313 664.2865296
-1344.9216662 663.4889854
-1344.0313636 662.6914995
-1343.1402212 661.8940718
-1342.2482367 661.0967024
-1341.3554076 660.2993912
-1340.4617317 659.5021384
-1339.5672066 658.7049438
-1338.6718299 657.9078076
-1337.7755993 657.1107297
-1336.8785125 656.3137102
-1335.9805670 655.5167491
-1335.0817606 654.7198463
-1334.1820909 653.9230021
-1333.2815555 653.1262162
-1332.3801521 652.3294889
-1331.4778784 651.5328200
-1330.5747319 650.7362096
-1329.6707104 649.9396578
-1328.7658114 649.1431645
-1327.8600327 648.3467298
-1326.9533719 647.5503536
-1326.0458267 646.7540361
-1325.1373946 645.9577772
-1324.2280733 645.1615769
-1323.3178606 644.3654353
-1322.4067539 643.5693524
-1321.4947511 642.7733282
-1320.5818497 641.9773627
-1319.6680474 641.1814560
-1318.7533418 640.3856080
-1317.8377306 639.5898188
-1316.9212114 638.7940884
-1316.0037819 637.9984168
-1315.0854398 637.2028041
-1314.1661826 636.4072502
-1313.2460081 635.6117553
-1312.3249138 634.8163192
-1311.4028975 634.0209420
-1310.4799568 633.2256238
-1309.5560893 632.4303645
-1308.6312927 631.6351642
-1307.7055646 630.8400230
-1306.7789027 630.0449407
-1305.8513046 629.2499175
-1304.9227680 628.4549533
-1303.9932905 627.6600482
-1303.0628698 626.8652022
-1302.1315036 626.0704154
-1301.1991894 625.2756876
-1300.2659250 624.4810191
-1299.3317079 623.6864097
-1298.3965359 622.8918595
-1297.4604065 622.0973685
-1296.5233175 621.3029367
-1295.5852664 620.5085642
-1294.6462510 619.7142510
-1293.7062688 618.9199971
-1292.7653176 618.1258025
-1291.8233949 617.3316672
-1290.8804985 616.5375913
-1289.9366260 615.7435747
-1288.9917750 614.9496176
-1288.0459431 614.1557198
-1287.0991281 613.3618815
-1286.1513276 612.5681026
-1285.2025391 611.7743833
-1284.2527605 610.9807234
-1283.3019893 610.1871230
-1282.3502231 609.3935821
-1281.3974597 608.6001008
-1280.4436966 607.8066791
-1279.4889316 607.0133169
-1278.5331622 606.2200144
-1277.5763862 605.4267715
-1276.6186012 604.6335883
-1275.6598047 603.8404647
-1274.6999945 603.0474008
-1273.7391683 602.2543966
-1272.7773236 601.4614521
-1271.8144582 600.6685674
-1270.8505696 599.8757425
-1269.8856555 599.0829773
-1268.9197136 598.2902719
-1267.9527415 597.4976264
-1266.9847369 596.7050407
-1266.0156974 595.9125149
-1265.0456207 595.1200490
-1264.0745044 594.3276429
-1263.1023461 593.5352968
-1262.1291436 592.7430107
-1261.1548945 591.9507845
-1260.1795963 591.1586183
-1259.2032469 590.3665121
-1258.2258437 589.5744659
-1257.2473845 588.7824797
-1256.2678669 587.9905537
-1255.2872886 587.1986877
-1254.3056473 586.4068818
-1253.3229404 585.6151360
-1252.3391658 584.8234503
-1251.3543211 584.0318249
-1250.3684038 583.2402596
-1249.3814118 582.4487545
-1248.3933425 581.6573096
-1247.4041937 580.8659250
-1246.4139630 580.0746006
-1245.4226481 579.2833365
-1244.4302466 578.4921327
-1243.4367562 577.7009892
-1242.4421744 576.9099061
-1241.4464991 576.1188833
-1240.4497277 575.3279209
-1239.4518580 574.5370188
-1238.4528876 573.7461772
-1237.4528142 572.9553961
-1236.4516354 572.1646754
-1235.4493488 571.3740151
-1234.4459521 570.5834154
-1233.4414431 569.7928762
-1232.4358192 569.0023975
-1231.4290781 568.2119794
-1230.4212176 567.4216218
-1229.4122353 566.6313248
-1228.4021287 565.8410885
-1227.3908956 565.0509128
-1226.3785336 564.2607977
-1225.3650404 563.4707433
-1224.3504136 562.6807496
-1223.3346508 561.8908166
-1222.3177498 561.1009444
-1221.2997080 560.3111329
-1220.2805233 559.5213821
-1219.2601933 558.7316922
-1218.2387156 557.9420630
-1217.2160878 557.1524947
-1216.1923076 556.3629873
-1215.1673727 555.5735407
-1214.1412806 554.7841550
-1213.1140292 553.9948302
-1212.0856159 553.2055663
-1211.0560385 552.4163634
-1210.0252946 551.6272214
-1208.9933818 550.8381405
-1207.9602978 550.0491205
-1206.9260403 549.2601616
-1205.8906069 548.4712637
-1204.8539952 547.6824269
-1203.8162030 546.8936511
-1202.7772278 546.1049365
-1201.7370673 545.3162830
-1200.6957191 544.5276906
-1199.6531810 543.7391594
-1198.6094504 542.9506894
-1197.5645252 542.1622806
-1196.5184030 541.3739330
-1195.4710813 540.5856467
-1194.4225579 539.7974216
-1193.3728304 539.0092578
-1192.3218964 538.2211553
-1191.2697536 537.4331141
-1190.2163997 536.6451343
-1189.1618323 535.8572158
-1188.1060490 535.0693587
-1187.0490475 534.2815631
-1185.9908254 533.4938288
-1184.9313805 532.7061560
-1183.8707103 531.9185446
-1182.8088125 531.1309947
-1181.7456847 530.3435063
-1180.6813246 529.5560794
-1179.6157299 528.7687141
-1178.5488982 527.9814103
-1177.4808271 527.1941681
-1176.4115143 526.4069875
-1175.3409574 525.6198685
-1174.2691542 524.8328111
-1173.1961021 524.0458154
-1172.1217990 523.2588814
-1171.0462424 522.4720091
-1169.9694300 521.6851985
-1168.8913595 520.8984496
-1167.8120284 520.1117625
-1166.7314345 519.3251371
-1165.6495753 518.5385736
-1164.5664487 517.7520718
-1163.4820520 516.9656319
-1162.3963832 516.1792538
-1161.3094397 515.3929377
-1160.2212193 514.6066834
-1159.1317195 513.8204910
-1158.0409381 513.0343605
-1156.9488727 512.2482920
-1155.8555209 511.4622855
-1154.7608804 510.6763410
-1153.6649488 509.8904584
-1152.5677238 509.1046379
-1151.4692031 508.3188795
-1150.3693842 507.5331831
-1149.2682649 506.7475488
-1148.1658428 505.9619767
-1147.0621155 505.1764666
-1145.9570807 504.3910187
-1144.8507360 503.6056330
-1143.7430791 502.8203094
-1142.6341076 502.0350481
-1141.5238192 501.2498490
-1140.4122116 500.4647121
-1139.2992823 499.6796375
-1138.1850291 498.8946252
-1137.0694495 498.1096751
-1135.9525413 497.3247875
-1134.8343021 496.5399621
-1133.7147295 495.7551991
-1132.5938212 494.9704985
-1131.4715748 494.1858604
-1130.3479880 493.4012846
-1129.2230584 492.6167713
-1128.0967837 491.8323204
-1126.9691615 491.0479320
-1125.8401895 490.2636061
-1124.7098654 489.4793428
-1123.5781867 488.6951420
-1122.4451511 487.9110037
-1121.3107563 487.1269280
-1120.1750000 486.3429150
-1119.0378797 485.5589645
-1117.8993932 484.7750767
-1116.7595380 483.9912516
-1115.6183119 483.2074891
-1114.4757124 482.4237893
-1113.3317373 481.6401523
-1112.1863841 480.8565779
-1111.0396506 480.0730664
-1109.8915343 479.2896176
-1108.7420330 478.5062316
-1107.5911442 477.7229084
-1106.4388657 476.9396481
-1105.2851950 476.1564506
-1104.1301299 475.3733160
-1102.9736679 474.5902443
-1101.8158068 473.8072355
-1100.6565441 473.0242897
-1099.4958776 472.2414068
-1098.3338048 471.4585869
-1097.1703235 470.6758299
-1096.0054312 469.8931360
-1094.8391256 469.1105051
-1093.6714044 468.3279373
-1092.5022653 467.5454326
-1091.3317058 466.7629909
-1090.1597236 465.9806123
-1088.9863164 465.1982969
-1087.8114818 464.4160446
-1086.6352175 463.6338556
-1085.4575211 462.8517296
-1084.2783903 462.0696669
-1083.0978227 461.2876675
-1081.9158159 460.5057313
-1080.7323677 459.7238583
-1079.5474757 458.9420487
-1078.3611374 458.1603023
-1077.1733507 457.3786193
-1075.9841130 456.5969996
-1074.7934221 455.8154433
-1073.6012756 455.0339504
-1072.4076712 454.2525209
-1071.2126066 453.4711548
-1070.0160792 452.6898522
-1068.8180869 451.9086130
-1067.6186273 451.1274373
-1066.4176980 450.3463251
-1065.2152966 449.5652765
-1064.0114208 448.7842914
-1062.8060684 448.0033698
-1061.5992368 447.2225119
-1060.3909238 446.4417175
-1059.1811270 445.6609868
-1057.9698440 444.8803197
-1056.7570726 444.0997163
-1055.5428104 443.3191765
-1054.3270549 442.5387005
-1053.1098039 441.7582882
-1051.8910551 440.9779396
-1050.6708059 440.1976548
-1049.4490542 439.4174337
-1048.2257976 438.6372765
-1047.0010337 437.8571831
-1045.7747601 437.0771535
-1044.5469745 436.2971878
-1043.3176746 435.5172860
-1042.0868580 434.7374480
-1040.8545224 433.9576740
-1039.6206653 433.1779639
-1038.3852846 432.3983178
-1037.1483777 431.6187357
-1035.9099424 430.8392175
-1034.6699763 430.0597634
-1033.4284770 429.2803733
-1032.1854423 428.5010473
-1030.9408697 427.7217853
-1029.6947569 426.9425875
-1028.4471016 426.1634537
-1027.1979014 425.3843841
-1025.9471539 424.6053787
-1024.6948569 423.8264374
-1023.4410079 423.0475603
-1022.1856046 422.2687474
-1020.9286446 421.4899988
-1019.6701257 420.7113144
-1018.4100454 419.9326943
-1017.1484014 419.1541385
-1015.8851914 418.3756470
-1014.6204129 417.5972198
-1013.3540638 416.8188570
-1012.0861415 416.0405585
-1010.8166438 415.2623244
-1009.5455682 414.4841548
-1008.2729126 413.7060496
-1006.9986744 412.9280088
-1005.7228514 412.1500325
-1004.4454411 411.3721207
-1003.1664414 410.5942734
-1001.8858497 409.8164906
-1000.6036638 409.0387724
-999.3198812 408.2611187
-998.0344997 407.4835297
-996.7475170 406.7060052
-995.4589305 405.9285454
-994.1687381 405.1511502
-992.8769373 404.3738197
-991.5835258 403.5965538
-990.2885013 402.8193527
-988.9918613 402.0422163
-987.6936036 401.2651447
-986.3937258 400.4881378
-985.0922256 399.7111957
-983.7891005 398.9343184
-982.4843483 398.1575059
-981.1779665 397.3807582
-979.8699530 396.6040755
-978.5603052 395.8274576
-977.2490208 395.0509046
-975.9360976 394.2744165
-974.6215331 393.4979934
-973.3053250 392.7216352
-971.9874709 391.9453421
-970.6679685 391.1691139
-969.3468155 390.3929507
-968.0240094 389.6168526
-966.6995480 388.8408196
-965.3734289 388.0648516
-964.0456497 387.2889487
-962.7162082 386.5131109
-961.3851018 385.7373383
-960.0523284 384.9616309
-958.7178854 384.1859886
-957.3817707 383.4104115
-956.0439818 382.6348996
-954.7045164 381.8594530
-953.3633722 381.0840716
-952.0205467 380.3087555
-950.6760377 379.5335047
-949.3298427 378.7583192
-947.9819595 377.9831991
-946.6323857 377.2081443
-945.2811189 376.4331549
-943.9281569 375.6582309
-942.5734971 374.8833722
-941.2171373 374.1085791
-939.8590752 373.3338514
-938.4993083 372.5591891
-937.1378344 371.7845923
-935.7746511 371.0100611
-934.4097560 370.2355954
-933.0431468 369.4611952
-931.6748211 368.6868606
-930.3047766 367.9125916
-928.9330109 367.1383883
-927.5595217 366.3642505
-926.1843067 365.5901784
-924.8073634 364.8161720
-923.4286896 364.0422312
-922.0482828 363.2683562
-920.6661408 362.4945469
-919.2822612 361.7208033
-917.8966416 360.9471255
-916.5092797 360.1735135
-915.1201731 359.3999673
-913.7293194 358.6264870
-912.3367165 357.8530725
-910.9423617 357.0797238
-909.5462530 356.3064410
-908.1483878 355.5332242
-906.7487638 354.7600733
-905.3473787 353.9869883
-903.9442301 353.2139692
-902.5393157 352.4410162
-901.1326332 351.6681292
-899.7241801 350.8953082
-898.3139541 350.1225532
-896.9019530 349.3498643
-895.4881742 348.5772415
-894.0726155 347.8046848
-892.6552746 347.0321942
-891.2361490 346.2597697
-889.8152365 345.4874114
-888.3925346 344.7151193
-886.9680410 343.9428934
-885.5417535 343.1707337
-884.1136695 342.3986403
-882.6837868 341.6266131
-881.2521031 340.8546522
-879.8186159 340.0827576
-878.3833229 339.3109293
-876.9462218 338.5391674
-875.5073103 337.7674718
-874.0665859 336.9958426
-872.6240463 336.2242798
-871.1796892 335.4527834
-869.7335122 334.6813534
-868.2855130 333.9099899
-866.8356892 333.1386929
-865.3840385 332.3674624
-863.9305585 331.5962984
-862.4752468 330.8252009
-861.0181012 330.0541700
-859.5591193 329.2832057
-858.0982987 328.5123079
-856.6356370 327.7414768
-855.1711320 326.9707123
-853.7047812 326.2000145
-852.2365823 325.4293833
-850.7665331 324.6588188
-849.2946310 323.8883210
-847.8208738 323.1178900
-846.3452591 322.3475257
-844.8677846 321.5772282
-843.3884479 320.8069975
-841.9072466 320.0368336
-840.4241785 319.2667365
-838.9392412 318.4967063
-837.4524322 317.7267430
-835.9637493 316.9568465
-834.4731902 316.1870170
-832.9807524 315.4172543
-831.4864336 314.6475587
-829.9902314 313.8779300
-828.4921436 313.1083682
-826.9921678 312.3388735
-825.4903015 311.5694459
-823.9865426 310.8000852
-822.4808885 310.0307917
-820.9733370 309.2615652
-819.4638857 308.4924058
-817.9525323 307.7233136
-816.4392743 306.9542885
-814.9241096 306.1853305
-813.4070356 305.4164398
-811.8880501 304.6476162
-810.3671508 303.8788599
-808.8443351 303.1101708
-807.3196009 302.3415490
-805.7929458 301.5729945
-804.2643673 300.8045073
-802.7338632 300.0360874
-801.2014311 299.2677348
-799.6670687 298.4994496
-798.1307736 297.7312318
-796.5925434 296.9630814
-795.0523759 296.1949984
-793.5102686 295.4269828
-791.9662192 294.6590347
-790.4202253 293.8911541
-788.8722847 293.1233410
-787.3223949 292.3555954
-785.7705536 291.5879174
-784.2167585 290.8203069
-782.6610072 290.0527640
-781.1032973 289.2852887
-779.5436266 288.5178810
-777.9819926 287.7505409
-776.4183930 286.9832685
-774.8528254 286.2160638
-773.2852876 285.4489268
-771.7157771 284.6818574
-770.1442916 283.9148559
-768.5708287 283.1479220
-766.9953862 282.3810560
-765.4179616 281.6142578
-763.8385526 280.8475273
-762.2571569 280.0808647
-760.6737720 279.3142700
-759.0883957 278.5477431
-757.5010256 277.7812841
-755.9116594 277.0148931
-754.3202946 276.2485699
-752.7269290 275.4823147
-751.1315602 274.7161275
-749.5341859 273.9500083
-747.9348036 273.1839571
-746.3334111 272.4179740
-744.7300060 271.6520588
-743.1245860 270.8862118
-741.5171486 270.1204328
-739.9076916 269.3547220
-738.2962125 268.5890792
-736.6827092 267.8235047
-735.0671791 267.0579983
-733.4496199 266.2925601
-731.8300294 265.5271901
-730.2084051 264.7618883
-728.5847447 263.9966548
-726.9590458 263.2314895
-725.3313062 262.4663925
-723.7015233 261.7013638
-722.0696950 260.9364035
-720.4358188 260.1715115
-718.7998924 259.4066879
-717.1619135 258.6419326
-715.5218796 257.8772458
-713.8797885 257.1126274
-712.2356378 256.3480774
-710.5894251 255.5835959
-708.9411481 254.8191829
-707.2908044 254.0548384
-705.6383917 253.2905624
-703.9839077 252.5263549
-702.3273500 251.7622160
-700.6687162 250.9981457
-699.0080039 250.2341440
-697.3452110 249.4702109
-695.6803349 248.7063465
-694.0133733 247.9425507
-692.3443240 247.1788236
-690.6731845 246.4151652
-688.9999524 245.6515755
-687.3246255 244.8880546
-685.6472014 244.1246024
-683.9676777 243.3612190
-682.2860521 242.5979044
-680.6023223 241.8346586
-678.9164858 241.0714817
-677.2285404 240.3083736
-675.5384836 239.5453344
-673.8463132 238.7823640
-672.1520268 238.0194626
-670.4556220 237.2566302
-668.7570965 236.4938667
-667.0564479 235.7311722
-665.3536739 234.9685466
-663.6487721 234.2059901
-661.9417402 233.4435026
-660.2325759 232.6810842
-658.5212767 231.9187348
-656.8078404 231.1564546
-655.0922645 230.3942434
-653.3745468 229.6321014
-651.6546848 228.8700285
-649.9326763 228.1080248
-648.2085189 227.3460903
-646.4822102 226.5842251
-644.7537479 225.8224290
-643.0231296 225.0607022
-641.2903529 224.2990447
-639.5554157 223.5374564
-637.8183153 222.7759375
-636.0790497 222.0144879
-634.3376163 221.2531076
-632.5940128 220.4917968
-630.8482369 219.7305553
-629.1002862 218.9693832
-627.3501584 218.2082805
-625.5978511 217.4472473
-623.8433620 216.6862836
-622.0866888 215.9253893
-620.3278290 215.1645646
-618.5667803 214.4038094
-616.8035404 213.6431237
-615.0381069 212.8825076
-613.2704775 212.1219611
-611.5006499 211.3614841
-609.7286216 210.6010768
-607.9543903 209.8407392
-606.1779537 209.0804712
-604.3993094 208.3202729
-602.6184551 207.5601443
-600.8353884 206.8000855
-599.0501070 206.0400963
-597.2626085 205.2801770
-595.4728906 204.5203274
-593.6809509 203.7605476
-591.8867870 203.0008376
-590.0903967 202.2411975
-588.2917776 201.4816273
-586.4909273 200.7221269
-584.6878434 199.9626964
-582.8825237 199.2033359
-581.0749657 198.4440453
-579.2651672 197.6848246
-577.4531257 196.9256739
-575.6388390 196.1665933
-573.8223046 195.4075826
-572.0035202 194.6486420
-570.1824835 193.8897714
-568.3591921 193.1309709
-566.5336437 192.3722406
-564.7058359 191.6135803
-562.8757663 190.8549902
-561.0434327 190.0964702
-559.2088327 189.3380204
-557.3719638 188.5796408
-555.5328238 187.8213314
-553.6914104 187.0630922
-551.8477211 186.3049233
-550.0017536 185.5468247
-548.1535056 184.7887964
-546.3029747 184.0308384
-544.4501585 183.2729507
-542.5950548 182.5151334
-540.7376611 181.7573864
-538.8779751 180.9997098
-537.0159946 180.2421037
-535.1517170 179.4845680
-533.2851400 178.7271027
-531.4162614 177.9697079
-529.5450788 177.2123836
-527.6715897 176.4551298
-525.7957920 175.6979465
-523.9176831 174.9408338
-522.0372608 174.1837917
-520.1545227 173.4268201
-518.2694664 172.6699192
-516.3820897 171.9130889
-514.4923901 171.1563292
-512.6003653 170.3996402
-510.7060130 169.6430219
-508.8093308 168.8864743
-506.9103164 168.1299974
-505.0089673 167.3735912
-503.1052814 166.6172559
-501.1992561 165.8609913
-499.2908892 165.1047975
-497.3801783 164.3486746
-495.4671210 163.5926225
-493.5517150 162.8366412
-491.6339580 162.0807309
-489.7138476 161.3248914
-487.7913815 160.5691229
-485.8665573 159.8134253
-483.9393726 159.0577987
-482.0098251 158.3022430
-480.0779125 157.5467584
-478.1436324 156.7913448
-476.2069824 156.0360022
-474.2679602 155.2807307
-472.3265635 154.5255303
-470.3827899 153.7704010
-468.4366370 153.0153427
-466.4881026 152.2603557
-464.5371841 151.5054398
-462.5838794 150.7505950
-460.6281861 149.9958215
-458.6701017 149.2411192
-456.7096240 148.4864881
-454.7467506 147.7319283
-452.7814791 146.9774398
-450.8138073 146.2230225
-448.8437326 145.4686766
-446.8712529 144.7144020
-444.8963658 143.9601988
-442.9190688 143.2060670
-440.9393597 142.4520065
-438.9572360 141.6980175
-436.9726955 140.9440999
-434.9857359 140.1902537
-432.9963546 139.4364791
-431.0045495 138.6827759
-429.0103181 137.9291442
-427.0136581 137.1755841
-425.0145671 136.4220955
-423.0130428 135.6686785
-421.0090829 134.9153331
-419.0026850 134.1620593
-416.9938467 133.4088571
-414.9825657 132.6557266
-412.9688397 131.9026678
-410.9526662 131.1496806
-408.9340430 130.3967652
-406.9129677 129.6439215
-404.8894379 128.8911495
-402.8634514 128.1384493
-400.8350056 127.3858209
-398.8040984 126.6332643
-396.7707272 125.8807795
-394.7348899 125.1283666
-392.6965840 124.3760256
-390.6558073 123.6237564
-388.6125572 122.8715592
-386.5668315 122.1194338
-384.5186279 121.3673805
-382.4679440 120.6153991
-380.4147774 119.8634896
-378.3591258 119.1116522
-376.3009868 118.3598868
-374.2403581 117.6081935
-372.1772374 116.8565722
-370.1116222 116.1050230
-368.0435103 115.3535459
-365.9728993 114.6021409
-363.8997868 113.8508081
-361.8241705 113.0995475
-359.7460480 112.3483590
-357.6654170 111.5972427
-355.5822752 110.8461987
-353.4966201 110.0952268
-351.4084495 109.3443273
-349.3177609 108.5935000
-347.2245521 107.8427451
-345.1288206 107.0920624
-343.0305642 106.3414521
-340.9297805 105.5909142
-338.8264671 104.8404486
-336.7206217 104.0900554
-334.6122420 103.3397347
-332.5013255 102.5894864
-330.3878699 101.8393105
-328.2718729 101.0892072
-326.1533322 100.3391763
-324.0322453 99.5892179
-321.9086100 98.8393321
-319.7824238 98.0895189
-317.6536845 97.3397782
-315.5223897 96.5901101
-313.3885369 95.8405146
-311.2521240 95.0909918
-309.1131485 94.3415416
-306.9716081 93.5921641
-304.8275004 92.8428593
-302.6808230 92.0936272
-300.5315737 91.3444678
-298.3797501 90.5953812
-296.2253498 89.8463674
-294.0683705 89.0974263
-291.9088098 88.3485581
-289.7466654 87.5997627
-287.5819349 86.8510402
-285.4146160 86.1023905
-283.2447063 85.3538137
-281.0722035 84.6053098
-278.8971052 83.8568789
-276.7194091 83.1085209
-274.5391128 82.3602359
-272.3562140 81.6120239
-270.1707103 80.8638848
-267.9825993 80.1158189
-265.7918788 79.3678259
-263.5985464 78.6199060
-261.4025997 77.8720593
-259.2040364 77.1242856
-257.0028541 76.3765850
-254.7990504 75.6289576
-252.5926231 74.8814034
-250.3835697 74.1339223
-248.1718880 73.3865145
-245.9575755 72.6391799
-243.7406300 71.8919185
-241.5210490 71.1447304
-239.2988303 70.3976156
-237.0739714 69.6505741
-234.8464700 68.9036059
-232.6163238 68.1567110
-230.3835305 67.4098896
-228.1480876 66.6631415
-225.9099928 65.9164668
-223.6692437 65.1698655
-221.4258381 64.4233377
-219.1797736 63.6768833
-216.9310478 62.9305024
-214.6796583 62.1841950
-212.4256029 61.4379611
-210.1688791 60.6918008
-207.9094846 59.9457141
-205.6474171 59.1997009
-203.3826742 58.4537613
-201.1152536 57.7078953
-198.8451529 56.9621030
-196.5723698 56.2163843
-194.2969018 55.4707393
-192.0187468 54.7251681
-189.7379022 53.9796705
-187.4543658 53.2342467
-185.1681352 52.4888966
-182.8792081 51.7436203
-180.5875821 50.9984178
-178.2932549 50.2532891
-175.9962240 49.5082342
-173.6964873 48.7632532
-171.3940422 48.0183461
-169.0888865 47.2735129
-166.7810178 46.5287536
-164.4704338 45.7840682
-162.1571321 45.0394568
-159.8411103 44.2949193
-157.5223661 43.5504559
-155.2008972 42.8060664
-152.8767012 42.0617510
-150.5497758 41.3175097
-148.2201186 40.5733424
-145.8877272 39.8292492
-143.5525994 39.0852301
-141.2147327 38.3412852
-138.8741248 37.5974144
-136.5307733 36.8536177
-134.1846760 36.1098953
-131.8358304 35.3662471
-129.4842342 34.6226731
-127.1298851 33.8791733
-124.7727807 33.1357478
-122.4129186 32.3923966
-120.0502966 31.6491198
-117.6849122 30.9059172
-115.3167631 30.1627890
-112.9458469 29.4197351
-110.5721614 28.6767557
-108.1957041 27.9338506
-105.8164727 27.1910200
-103.4344649 26.4482638
-101.0496782 25.7055821
-98.6621104 24.9629749
-96.2717591 24.2204422
-93.8786220 23.4779840
-91.4826967 22.7356003
-89.0839808 21.9932912
-86.6824720 21.2510567
-84.2781680 20.5088968
-81.8710663 19.7668116
-79.4611648 19.0248009
-77.0484609 18.2828650
-74.6329523 17.5410037
-72.2146368 16.7992171
-69.7935119 16.0575052
-67.3695753 15.3158681
-64.9428247 14.5743057
-62.5132576 13.8328181
-60.0808718 13.0914053
-57.6456649 12.3500674
-55.2076345 11.6088043
-52.7667784 10.8676160
-50.3230941 10.1265026
-47.8765792 9.3854641
-45.4272316 8.6445005
-42.9750487 7.9036119
-40.5200282 7.1627982
-38.0621679 6.4220595
-35.6014653 5.6813958
-33.1379181 4.9408071
-30.6715239 4.2002935
